key,interval_ms
key_15,1.85
key_16,2.09
key_2,1.14
key_18,0.83
key_5,9.62
key_2,2.65
key_15,4.13
key_13,11.13
key_9,4.16
key_18,4.51
key_15,5.45
key_16,13.24
key_2,7.68
key_16,15.15
key_2,8.55
key_5,17.47
key_16,17.57
key_14,15.57
key_2,15.78
key_16,22.81
key_3,15.07
key_16,25.49
key_13,26.60
key_14,19.62
key_5,27.63
key_9,22.12
key_9,22.29
key_16,29.61
key_9,22.61
key_5,29.93
key_15,23.13
key_9,23.14
key_15,23.52
key_14,23.54
key_5,32.09
key_18,25.23
key_14,317.82
key_15,319.33
key_2,4.50
key_16,326.29
key_15,321.27
key_13,328.12
key_13,328.22
key_3,7.88
key_15,322.74
key_13,329.58
key_16,330.59
key_16,330.61
key_15,323.73
key_16,331.18
key_3,9.51
key_17,9.53
key_3,9.86
key_0,1.96
key_14,324.59
key_9,3.66
key_2,10.14
key_5,331.91
key_2,10.22
key_18,10.51
key_5,332.23
key_1,10.77
key_18,10.86
key_16,333.04
key_3,11.76
key_0,4.11
key_14,327.00
key_14,327.31
key_16,334.63
key_0,4.99
key_14,328.16
key_19,0.37
key_16,335.63
key_5,335.75
key_19,0.84
key_3,14.44
key_13,336.19
key_13,336.36
key_4,1.31
key_2,14.77
key_19,1.38
key_1,15.36
key_3,15.39
key_19,1.86
key_16,0.99
key_3,15.54
key_13,337.37
key_5,337.60
key_18,15.96
key_2,16.08
key_19,2.97
key_19,3.16
key_13,338.61
key_4,3.62
key_0,9.28
key_13,339.08
key_17,17.48
key_13,339.18
key_14,332.47
key_3,17.86
key_4,4.36
key_0,10.20
key_14,332.83
key_5,339.86
key_13,339.83
key_4,4.92
key_17,18.48
key_4,5.27
key_0,10.90
key_15,333.67
key_13,340.51
key_18,19.34
key_2,19.53
key_3,19.64
key_18,19.84
key_9,13.63
key_18,20.19
key_13,342.06
key_17,20.61
key_14,335.42
key_15,337.58
key_16,8.77
key_9,16.78
key_18,23.53
key_1,23.91
key_18,320.26
key_3,1.31
key_4,306.92
key_19,1.82
key_2,321.15
key_14,636.42
key_16,307.95
key_9,315.78
key_0,314.49
key_12,3.60
key_17,322.94
key_4,309.61
key_3,4.05
key_17,323.53
key_19,4.41
key_0,316.00
key_9,317.78
key_15,639.65
key_10,5.69
key_4,312.09
key_18,325.96
key_3,7.33
key_4,314.71
key_14,0.09
key_1,9.84
key_4,0.50
key_1,10.06
key_4,0.73
key_12,0.85
key_17,329.52
key_9,322.96
key_10,10.80
key_0,322.02
key_0,322.34
key_13,652.31
key_13,652.32
key_1,11.88
key_15,645.91
key_0,323.37
key_19,12.43
key_0,323.65
key_12,3.35
key_15,647.09
key_5,655.72
key_14,304.65
key_9,626.86
key_9,626.90
key_17,638.61
key_9,635.46
key_10,326.14
key_17,645.40
key_17,645.50
key_9,638.94
key_4,317.58
key_18,646.89
key_14,318.44
key_10,328.04
key_1,328.22
key_0,7.44
key_8,14.29
key_17,648.37
key_2,8.28
key_3,330.16
key_16,4.45
key_16,5.32
key_3,331.08
key_1,331.20
key_0,11.54
key_8,18.17
key_9,645.04
key_16,6.79
key_12,19.70
key_12,19.76
key_10,334.70
key_19,24.08
key_16,9.47
key_12,21.31
key_2,14.51
key_1,336.38
key_12,22.20
key_8,22.19
key_19,26.57
key_4,327.84
key_14,327.82
key_15,14.97
key_2,16.10
key_19,27.41
key_13,978.85
key_12,24.59
key_16,13.11
key_1,338.81
key_1,339.59
key_0,18.80
key_16,14.36
key_16,14.45
key_19,29.54
key_4,331.08
key_10,341.54
key_4,332.17
key_1,341.84
key_18,661.59
key_17,661.77
key_16,16.96
key_9,655.63
key_19,32.86
key_17,662.69
key_4,334.75
key_8,29.96
key_17,663.83
key_11,34.38
key_13,987.08
key_16,313.67
key_8,325.80
key_10,640.98
key_2,319.28
key_2,319.31
key_16,315.48
key_18,2.80
key_1,642.43
key_16,0.72
key_8,328.51
key_4,633.75
key_4,634.69
key_4,634.72
key_1,644.13
key_4,634.90
key_5,7.46
key_9,957.86
key_18,6.56
key_11,335.05
key_5,8.40
key_18,7.33
key_10,646.06
key_8,332.22
key_3,646.74
key_17,966.54
key_18,8.67
key_13,1288.19
key_17,967.20
key_12,333.94
key_16,7.09
key_14,10.94
key_2,327.87
key_4,640.38
key_2,328.82
key_16,0.72
key_2,329.66
key_2,330.01
key_5,1.74
key_19,341.37
key_12,338.56
key_15,13.99
key_15,14.15
key_10,652.97
key_13,1294.02
key_13,1294.43
key_9,966.38
key_17,973.08
key_13,1294.77
key_16,3.94
key_18,15.86
key_3,654.70
key_11,5.12
key_5,5.26
key_0,13.84
key_17,975.54
key_3,656.45
key_8,342.24
key_1,657.07
key_0,14.71
key_1,657.18
key_9,969.75
key_9,970.56
key_2,336.90
key_2,337.00
key_11,8.68
key_8,345.17
key_9,972.02
key_1,659.44
key_3,659.97
key_17,979.17
key_3,660.30
key_16,9.89
key_4,651.19
key_16,9.97
key_3,661.03
key_4,651.63
key_16,10.45
key_0,18.78
key_10,661.67
key_0,19.30
key_3,662.29
key_1,662.49
key_9,975.77
key_13,1303.99
key_18,24.90
key_0,21.64
key_13,1305.29
key_4,655.50
key_10,665.40
key_9,977.99
key_8,351.64
key_1,665.89
key_14,27.61
key_9,979.76
key_5,316.74
key_14,3.11
key_2,3.35
key_12,653.10
key_12,653.10
key_12,654.28
key_3,968.55
key_3,968.57
key_4,1.65
key_10,4.68
key_5,318.36
key_17,1289.02
key_3,969.89
key_16,319.23
key_15,5.93
key_17,1289.14
key_1,0.83
key_19,660.68
key_8,657.07
key_0,1.24
key_9,1283.90
key_5,321.19
key_17,1290.57
key_11,322.29
key_0,2.49
key_2,8.81
key_14,8.81
key_15,8.76
key_17,1291.87
key_9,1286.38
key_19,663.22
key_5,323.71
key_17,1293.06
key_2,10.06
key_14,10.04
key_5,325.19
key_16,324.72
key_0,5.27
key_1,4.98
key_18,336.63
key_13,1616.73
key_1,5.81
key_19,665.76
key_3,977.05
key_19,667.31
key_0,7.82
key_19,668.19
key_9,1291.53
key_16,328.33
key_18,341.02
key_0,10.29
key_5,628.91
key_15,316.64
key_16,631.19
key_18,4.09
key_11,634.97
key_16,634.67
key_17,1605.63
key_17,1605.65
key_18,1.36
key_2,322.73
key_11,636.36
key_11,636.40
key_4,2.33
key_4,2.33
key_14,323.75
key_14,323.82
key_16,637.17
key_11,638.73
key_19,978.38
key_5,638.84
key_4,3.77
key_13,4.94
key_5,638.91
key_18,4.76
key_8,12.67
key_9,1602.63
key_5,639.89
key_18,4.84
key_18,5.20
key_12,976.62
key_10,11.19
key_5,641.08
key_14,327.47
key_0,321.27
key_19,981.10
key_12,977.53
key_2,328.22
key_14,328.67
key_12,978.46
key_8,16.14
key_5,643.93
key_4,8.84
key_8,17.18
key_6,9.66
key_16,644.25
key_4,9.89
key_18,9.96
key_17,1614.35
key_6,10.39
key_9,1608.26
key_12,981.79
key_4,10.71
key_14,332.42
key_4,11.05
key_9,1609.46
key_15,12.17
key_12,983.91
key_5,648.93
key_7,1.14
key_0,631.86
key_2,1.72
key_19,1291.41
key_1,1.85
key_3,1602.19
key_7,1.44
key_9,1914.83
key_6,318.64
key_13,319.76
key_15,3.28
key_1,3.73
key_4,318.71
key_13,319.85
key_15,4.89
key_19,1294.98
key_4,320.60
key_1,5.74
key_14,6.19
key_9,1919.94
key_0,637.67
key_6,322.65
key_8,330.90
key_5,8.97
key_0,639.12
key_14,9.25
key_11,960.70
key_17,1930.78
key_14,12.72
key_11,964.76
key_12,15.02
key_15,18.92
key_4,334.88
key_5,20.32
key_11,970.73
key_3,1621.26
key_13,337.60
key_18,21.72
key_8,345.19
key_7,21.81
key_9,1935.72
key_1,23.39
key_15,23.46
key_9,1937.04
key_2,24.29
key_9,1937.53
key_19,1314.42
key_17,1944.66
key_12,21.06
key_10,345.98
key_13,342.33
key_13,343.95
key_5,28.46
key_8,351.74
key_3,1629.55
key_17,1949.20
key_0,660.43
key_16,980.33
key_10,351.36
key_18,31.59
key_12,27.85
key_4,347.47
key_17,1952.38
key_1,33.40
key_9,1946.63
key_15,33.79
key_19,1324.29
key_4,637.21
key_15,10.58
key_16,1271.91
key_9,2236.13
key_15,12.13
key_2,323.84
key_18,324.32
key_4,2.16
key_6,639.65
key_1,325.22
key_19,1614.80
key_4,0.90
key_4,1.43
key_19,1615.70
key_6,641.12
key_0,956.24
key_18,326.32
key_18,326.82
key_3,4.48
key_15,15.24
key_17,15.74
key_12,323.24
key_14,5.77
key_14,6.02
key_10,648.57
key_13,645.18
key_16,1278.99
key_3,7.44
key_4,5.65
key_19,1620.16
key_14,8.83
key_10,651.68
key_9,2244.31
key_18,332.18
key_19,1621.85
key_19,1622.45
key_14,10.77
key_4,8.92
key_19,1623.84
key_15,23.19
key_3,12.90
key_17,5.27
key_0,966.37
key_10,656.88
key_8,660.02
key_12,333.32
key_15,26.33
key_4,13.97
key_7,27.39
key_12,335.40
key_19,1631.48
key_18,342.36
key_13,658.97
key_3,20.85
key_14,21.83
key_1,1.97
key_16,1591.61
key_0,300.92
key_14,320.06
key_16,1593.78
key_18,644.18
key_5,319.08
key_9,4.19
key_12,641.00
key_0,304.01
key_17,314.69
key_10,966.81
key_15,335.18
key_6,6.87
key_0,1.19
key_13,963.07
key_16,1596.57
key_19,7.50
key_12,2.46
key_7,336.25
key_9,2.31
key_10,968.31
key_0,2.38
key_13,964.48
key_19,8.53
key_18,3.06
key_8,1.69
key_19,9.20
key_5,324.14
key_8,1.95
key_7,338.01
key_12,4.87
key_19,10.78
key_13,967.10
key_10,971.26
key_4,326.48
key_16,1600.67
key_10,972.30
key_13,968.23
key_0,6.34
key_6,12.14
key_17,321.64
key_0,6.52
key_1,12.92
key_19,12.92
key_8,5.63
key_9,8.35
key_4,329.52
key_14,332.00
key_18,9.20
key_11,1604.97
key_1,14.94
key_2,655.04
key_6,15.04
key_0,9.80
key_6,15.51
key_5,330.52
key_9,9.94
key_2,656.04
key_6,16.38
key_10,976.62
key_3,333.98
key_12,11.20
key_9,11.44
key_9,11.47
key_0,11.57
key_9,11.99
key_15,346.02
key_18,12.12
key_5,333.08
key_5,333.29
key_1,18.98
key_6,19.01
key_8,12.20
key_10,980.46
key_17,329.73
key_1,20.30
key_9,15.13
key_19,20.87
key_6,20.87
key_8,14.08
key_15,349.81
key_4,337.52
key_1,22.09
key_0,16.84
key_19,22.54
key_2,663.15
key_11,1613.18
key_19,23.67
key_6,23.69
key_15,352.46
key_16,1613.77
key_0,18.96
key_2,664.65
key_19,25.15
key_10,985.43
key_11,1615.70
key_12,20.20
key_4,341.65
key_8,18.82
key_13,982.81
key_6,26.66
key_11,1617.22
key_19,27.21
key_9,22.01
key_6,27.73
key_2,668.19
key_5,343.54
key_3,346.62
key_7,357.70
key_8,22.52
key_14,348.26
key_9,25.08
key_1,31.19
key_7,359.85
key_6,31.99
key_5,347.30
key_11,1622.83
key_8,25.83
key_6,35.15
key_19,35.57
key_1,35.97
key_7,364.63
key_15,365.19
key_7,365.57
key_11,1627.82
key_14,356.20
key_10,998.89
key_17,348.56
key_10,999.74
key_5,633.42
key_4,634.09
key_15,646.94
key_13,1274.78
key_6,318.65
key_10,1281.32
key_13,1277.33
key_0,5.03
key_12,316.09
key_8,314.23
key_8,314.75
key_6,322.35
key_11,1912.84
key_6,323.11
key_1,6.87
key_16,1913.26
key_19,323.69
key_13,1279.83
key_19,323.72
key_9,318.69
key_18,319.12
key_19,324.88
key_15,653.22
key_1,8.66
key_17,634.58
key_18,319.75
key_5,6.40
key_5,7.04
key_4,641.71
key_12,4.38
key_17,635.91
key_13,1282.64
key_10,1286.75
key_6,2.95
key_13,1283.95
key_11,1917.87
key_0,11.47
key_18,322.21
key_8,321.67
key_19,329.08
key_10,1289.34
key_16,1918.72
key_6,4.38
key_12,7.24
key_19,329.21
key_13,1286.56
key_1,14.06
key_18,324.80
key_0,14.14
key_11,1920.59
key_11,1921.53
key_3,15.12
key_18,325.92
key_18,326.01
key_6,7.41
key_18,326.53
key_19,332.62
key_10,1292.94
key_9,327.39
key_6,8.57
key_18,327.68
key_15,662.24
key_18,328.24
key_10,1294.34
key_4,649.64
key_10,1294.46
key_7,18.68
key_8,327.69
key_17,644.61
key_3,2.43
key_12,13.08
key_5,16.57
key_7,19.49
key_2,975.89
key_8,328.54
key_11,1926.36
key_12,14.38
key_0,20.05
key_15,665.12
key_7,20.52
key_16,1927.13
key_5,18.47
key_18,331.97
key_1,21.66
key_10,1298.66
key_9,332.76
key_18,332.82
key_5,19.37
key_13,1295.37
key_12,17.32
key_4,654.80
key_15,667.69
key_12,17.40
key_1,23.75
key_8,332.73
key_1,23.76
key_1,23.77
key_7,23.77
key_14,24.26
key_7,24.27
key_17,650.35
key_10,1301.45
key_14,24.88
key_2,981.46
key_13,1297.91
key_10,1302.23
key_17,651.54
key_17,651.81
key_16,1932.33
key_12,21.13
key_11,1933.51
key_2,983.50
key_7,27.44
key_10,1304.26
key_13,1300.20
key_9,1.21
key_8,337.01
key_17,654.09
key_14,28.30
key_11,1934.67
key_9,2.19
key_15,673.48
key_12,23.56
key_12,23.62
key_4,661.45
key_14,30.10
key_19,347.77
key_6,23.38
key_18,342.87
key_19,348.90
key_9,6.37
key_0,33.31
key_5,30.89
key_12,28.50
key_5,31.95
key_6,26.75
key_19,351.97
key_1,36.02
key_11,1942.89
key_6,28.43
key_11,1943.65
key_10,1314.20
key_12,32.36
key_9,11.91
key_17,664.65
key_0,39.13
key_3,23.20
key_10,1316.52
key_4,0.54
key_2,1286.35
key_11,2236.49
key_18,640.79
key_16,2236.19
key_13,1602.83
key_5,327.50
key_1,330.75
key_6,1.45
key_7,330.80
key_9,304.34
key_11,2237.26
key_10,1607.67
key_8,1.49
key_2,1287.54
key_16,2237.23
key_12,325.91
key_6,2.23
key_2,1287.98
key_11,2238.25
key_12,326.40
key_6,3.05
key_6,3.21
key_0,332.51
key_10,1609.74
key_7,333.13
key_0,333.19
key_4,3.89
key_15,978.29
key_13,1606.14
key_6,4.61
key_14,333.98
key_16,2240.31
key_12,329.03
key_3,10.72
key_2,1296.41
key_2,1296.69
key_7,340.41
key_17,966.54
key_17,966.61
key_4,1.23
key_19,657.43
key_3,11.93
key_1,341.32
key_17,967.40
key_3,12.29
key_11,2248.18
key_8,12.32
key_2,1298.29
key_0,342.09
key_18,653.04
key_17,968.23
key_7,342.48
key_14,342.69
key_13,1615.29
key_16,2248.94
key_14,343.08
key_7,343.39
key_3,14.12
key_8,14.12
key_0,343.72
key_10,3.49
key_15,989.07
key_4,4.99
key_4,5.26
key_15,989.98
key_14,345.60
key_3,16.58
key_7,346.18
key_8,16.85
key_10,8.46
key_19,665.67
key_14,349.60
key_8,20.27
key_15,2.66
key_8,323.54
key_12,647.58
key_11,2.78
key_4,313.50
key_5,650.41
key_0,653.23
key_18,965.68
key_1,306.27
key_7,655.11
key_1,306.40
key_1,306.43
key_17,1281.03
key_6,315.44
key_1,306.52
key_11,6.14
key_10,316.03
key_17,1282.47
key_19,6.01
key_10,316.10
key_14,6.48
key_1,308.24
key_19,6.50
key_7,657.19
key_14,7.26
key_8,2.07
key_4,318.63
key_6,318.63
key_19,7.77
key_11,7.98
key_13,1930.96
key_13,1931.17
key_12,654.22
key_18,4.20
key_19,9.40
key_8,4.13
key_0,660.01
key_19,9.46
key_19,9.46
key_3,330.78
key_11,9.89
key_13,1933.95
key_6,321.75
key_0,661.44
key_14,11.00
key_19,10.88
key_16,12.11
key_4,323.10
key_3,333.52
key_17,1288.71
key_8,7.01
key_4,323.22
key_9,13.07
key_7,663.57
key_13,1936.62
key_10,323.58
key_13,1936.71
key_16,13.71
key_13,1936.81
key_17,1290.16
key_11,13.96
key_13,1937.13
key_5,662.24
key_5,662.27
key_14,14.63
key_16,14.96
key_0,665.60
key_0,665.79
key_8,9.94
key_9,15.58
key_16,15.68
key_9,16.37
key_13,1939.39
key_8,11.02
key_15,16.52
key_13,1940.52
key_1,319.29
key_9,17.60
key_4,328.37
key_8,12.24
key_15,18.50
key_19,18.32
key_6,329.34
key_15,18.62
key_14,18.78
key_6,330.07
key_7,670.06
key_16,20.02
key_2,20.77
key_1,322.51
key_17,1297.29
key_11,21.59
key_9,21.56
key_11,21.70
key_16,22.07
key_17,1298.61
key_10,332.22
key_0,673.28
key_0,673.66
key_6,333.98
key_17,1299.86
key_19,23.71
key_7,674.37
key_0,674.66
key_8,19.11
key_6,335.79
key_2,25.49
key_11,25.96
key_0,676.75
key_15,27.98
key_16,28.21
key_15,28.73
key_14,29.08
key_7,679.92
key_5,677.56
key_19,30.18
key_11,30.78
key_5,2.18
key_10,642.99
key_6,643.92
key_18,2.32
key_16,333.15
key_6,644.03
key_13,2256.27
key_11,2.34
key_0,984.68
key_14,334.30
key_19,3.58
key_16,334.55
key_4,645.45
key_3,656.30
key_8,4.94
key_19,4.86
key_7,986.43
key_1,637.76
key_9,336.21
key_16,336.80
key_13,2259.90
key_4,647.90
key_2,337.23
key_7,987.74
key_15,337.35
key_13,2261.11
key_15,338.23
key_6,648.98
key_9,338.30
key_9,338.31
key_12,7.38
key_13,2262.14
key_4,649.94
key_4,649.99
key_2,339.23
key_17,4.23
key_13,2263.15
key_17,4.24
key_4,650.91
key_17,4.23
key_7,991.69
key_14,341.22
key_6,652.03
key_8,10.32
key_10,651.79
key_5,10.99
key_10,652.20
key_9,342.34
key_2,342.34
key_0,993.18
key_8,11.84
key_3,663.97
key_10,653.21
key_18,12.43
key_11,12.44
key_13,2266.41
key_6,654.22
key_3,665.16
key_18,13.12
key_16,344.07
key_16,344.09
key_12,13.25
key_17,8.81
key_5,13.88
key_16,344.69
key_8,13.84
key_0,995.89
key_9,345.48
key_1,647.21
key_4,656.30
key_12,14.60
key_4,657.14
key_6,657.13
key_4,657.13
key_10,656.88
key_6,657.80
key_19,16.23
key_11,16.36
key_19,16.70
key_1,649.58
key_0,998.90
key_10,659.04
key_18,18.26
key_12,18.72
key_19,18.65
key_0,1000.68
key_10,660.16
key_15,350.84
key_1,652.58
key_15,351.30
key_7,1001.92
key_18,20.86
key_5,318.40
key_15,2.15
key_14,650.46
key_3,971.74
key_5,321.41
key_11,321.82
key_2,652.85
key_11,321.91
key_11,323.14
key_14,654.10
key_3,975.32
key_0,6.93
key_12,323.26
key_1,2.94
key_2,655.31
key_4,966.06
key_3,976.57
key_19,324.38
key_14,656.53
key_11,325.58
key_0,9.31
key_0,9.37
key_2,656.64
key_0,9.40
key_10,9.44
key_11,326.71
key_17,1.83
key_8,326.75
key_15,10.51
key_14,657.75
key_9,658.59
key_15,11.38
key_15,11.37
key_11,328.42
key_1,7.98
key_11,329.47
key_19,329.69
key_2,661.39
key_5,331.14
key_1,9.71
key_10,14.82
key_11,331.20
key_18,332.01
key_18,332.05
key_5,332.12
key_0,15.79
key_8,332.68
key_13,2586.64
key_18,332.75
key_13,2586.68
key_1,12.07
key_6,975.22
key_0,17.21
key_13,2587.47
key_19,334.00
key_2,665.21
key_4,976.03
key_7,1316.04
key_11,334.78
key_5,335.33
key_16,14.03
key_16,14.43
key_13,2590.02
key_9,667.28
key_1,15.22
key_14,667.79
key_3,12.43
key_12,337.36
key_3,12.90
key_19,338.18
key_13,2593.24
key_17,14.87
key_2,671.01
key_10,23.95
key_9,671.52
key_7,1322.15
key_17,16.20
key_19,341.19
key_16,20.14
key_17,16.83
key_9,673.00
key_3,17.40
key_10,26.22
key_2,673.77
key_14,674.04
key_3,18.43
key_1,22.24
key_0,313.03
key_0,314.57
key_7,0.63
key_9,962.30
key_5,2.55
key_17,307.16
key_14,963.51
key_9,963.76
key_12,632.86
key_9,964.69
key_7,3.49
key_17,309.96
key_4,1276.58
key_12,635.83
key_18,635.91
key_15,320.78
key_13,2890.99
key_0,320.77
key_14,968.27
key_10,321.08
key_17,313.03
key_14,969.26
key_3,11.03
key_6,1.71
key_3,11.08
key_17,313.78
key_17,314.28
key_12,3.00
key_5,1.80
key_15,322.93
key_6,2.78
key_6,3.37
key_5,2.71
key_10,323.86
key_10,323.92
key_12,4.58
key_5,3.40
key_10,324.55
key_9,972.50
key_2,972.62
key_9,972.60
key_13,2895.64
key_13,2895.90
key_2,973.35
key_16,321.23
key_2,973.62
key_19,642.64
key_3,16.04
key_13,2897.33
key_9,974.36
key_8,643.41
key_2,975.17
key_9,975.18
key_6,7.56
key_9,975.76
key_6,8.18
key_12,8.67
key_15,330.77
key_8,647.70
key_7,10.84
key_1,327.71
key_9,980.10
key_8,649.19
key_3,22.28
key_2,980.60
key_2,980.83
key_10,333.98
key_7,12.73
key_10,334.44
key_3,23.47
key_6,14.58
key_9,982.25
key_0,335.44
key_4,1293.48
key_1,330.90
key_13,3.80
key_17,327.89
key_17,327.93
key_15,337.10
key_10,337.51
key_17,329.33
key_3,27.36
key_7,17.52
key_3,28.28
key_12,315.64
key_4,1593.58
key_6,315.23
key_4,1593.65
key_0,4.57
key_9,1284.54
key_1,632.17
key_17,5.59
key_13,5.63
key_13,5.75
key_6,319.16
key_2,6.15
key_1,0.62
key_5,320.11
key_5,320.14
key_13,8.60
key_3,330.30
key_0,8.64
key_17,8.63
key_16,636.78
key_14,1289.23
key_19,309.82
key_0,9.52
key_10,642.23
key_10,642.21
key_8,959.32
key_7,2.76
key_19,310.95
key_3,332.14
key_5,323.02
key_0,11.42
key_7,3.84
key_11,961.17
key_13,13.74
key_5,325.35
key_7,6.78
key_7,6.85
key_5,326.52
key_11,963.97
key_0,15.48
key_6,327.85
key_10,648.72
key_16,3.32
key_3,338.23
key_13,16.55
key_16,4.38
key_11,966.08
key_17,17.61
key_2,16.96
key_0,18.22
key_7,10.64
key_11,967.68
key_2,18.12
key_12,332.08
key_1,12.78
key_10,952.73
key_1,313.13
key_1,313.20
key_15,312.65
key_8,2.40
key_17,320.28
key_7,2.37
key_13,320.36
key_4,1912.08
key_18,3.62
key_10,954.14
key_17,321.46
key_5,633.44
key_11,4.08
key_7,4.44
key_3,644.87
key_14,1603.13
key_6,635.53
key_17,324.19
key_13,324.23
key_13,324.49
key_18,6.84
key_19,1.03
key_3,646.64
key_6,637.37
key_7,1.93
key_4,1916.67
key_8,8.21
key_12,8.04
key_10,958.79
key_14,1606.13
key_9,1606.38
key_11,8.66
key_5,638.67
key_10,959.97
key_11,9.78
key_2,326.91
key_15,320.26
key_2,327.91
key_5,640.25
key_0,328.78
key_5,641.65
key_5,641.72
key_16,317.47
key_1,323.24
key_6,643.03
key_19,7.45
key_12,13.01
key_10,963.83
key_6,643.51
key_4,1922.51
key_9,1611.79
key_11,14.12
key_13,331.93
key_3,654.39
key_10,965.43
key_12,14.70
key_0,333.62
key_7,9.69
key_8,16.22
key_4,1925.05
key_3,656.04
key_2,333.98
key_15,327.49
key_19,11.79
key_6,649.03
key_16,324.22
key_15,329.88
key_1,330.92
key_19,14.71
key_6,651.09
key_8,21.41
key_6,952.41
key_1,633.29
key_4,4.15
key_12,324.42
key_3,964.35
key_16,630.35
key_17,643.54
key_9,1923.56
key_19,320.39
key_16,631.30
key_3,965.73
key_14,3.46
key_5,7.61
key_13,644.77
key_3,966.69
key_0,645.28
key_7,321.35
key_5,8.94
key_9,1926.75
key_16,634.58
key_16,634.72
key_7,323.47
key_12,329.81
key_15,640.56
key_13,648.28
key_14,7.44
key_6,960.97
key_9,1928.92
key_1,642.25
key_0,649.23
key_5,12.66
key_2,8.84
key_8,7.07
key_7,326.51
key_1,643.83
key_6,963.56
key_1,644.55
key_16,639.10
key_14,11.02
key_1,645.84
key_0,653.38
key_15,646.34
key_4,17.56
key_7,330.92
key_7,333.15
key_4,20.70
key_11,340.28
key_19,334.91
key_10,15.87
key_5,22.62
key_1,653.16
key_14,0.30
key_12,0.39
key_8,0.27
key_9,2249.12
key_8,1.18
key_10,326.29
key_5,332.63
key_14,1.91
key_15,962.16
key_1,2.73
key_9,2250.19
key_15,963.04
key_17,970.61
key_18,334.20
key_19,3.29
key_10,328.13
key_15,963.83
key_13,3.42
key_17,972.14
key_7,5.24
key_11,4.96
key_2,4.40
key_11,5.05
key_11,5.43
key_3,1294.36
key_15,965.16
key_2,4.87
key_19,5.26
key_2,5.36
key_6,1285.84
key_6,1286.38
key_13,6.08
key_18,337.48
key_13,6.45
key_10,331.28
key_17,974.67
key_17,974.73
key_18,338.03
key_14,7.24
key_10,331.90
key_10,331.92
key_12,7.62
key_7,8.48
key_13,7.48
key_18,338.67
key_19,7.76
key_9,2255.69
key_7,9.01
key_12,8.39
key_8,8.02
key_1,8.81
key_3,1298.07
key_7,9.51
key_11,9.34
key_19,8.79
key_2,8.90
key_3,1298.58
key_1,9.65
key_7,10.18
key_19,9.29
key_18,340.48
key_9,2257.39
key_13,9.55
key_13,9.74
key_12,10.08
key_19,9.88
key_13,10.14
key_0,978.13
key_5,341.19
key_17,978.58
key_9,2258.55
key_11,11.36
key_8,10.81
key_4,342.04
key_18,342.00
key_17,979.34
key_1,11.91
key_2,11.52
key_8,11.55
key_7,12.73
key_17,979.67
key_1,12.53
key_9,2260.19
key_3,3.29
key_8,325.55
key_3,3.56
key_14,326.03
key_4,656.91
key_19,325.80
key_16,3.78
key_11,326.67
key_4,658.13
key_10,4.77
key_6,5.18
key_9,2575.07
key_14,327.43
key_8,328.12
key_8,328.74
key_8,329.11
key_3,8.00
key_2,330.39
key_9,2578.21
key_13,8.59
key_1,9.02
key_5,8.95
key_0,1299.20
key_6,9.79
key_10,9.50
key_11,332.88
key_0,1300.69
key_0,1300.72
key_9,2581.27
key_7,334.42
key_14,334.17
key_5,11.77
key_16,12.36
key_7,335.60
key_18,665.95
key_9,2583.08
key_12,335.81
key_16,13.56
key_19,336.21
key_4,667.40
key_5,14.52
key_17,1304.78
key_15,15.31
key_2,337.67
key_6,15.94
key_0,1306.04
key_17,1306.38
key_8,338.37
key_6,16.96
key_7,340.16
key_11,340.19
key_4,670.63
key_9,2588.01
key_12,340.38
key_5,18.40
key_10,18.33
key_18,672.19
key_12,341.47
key_19,341.72
key_15,19.52
key_16,20.11
key_10,20.45
key_11,344.02
key_15,21.14
key_17,1312.05
key_16,22.00
key_16,22.52
key_2,344.75
key_3,22.99
key_14,345.45
key_12,345.99
key_3,23.56
key_13,24.39
key_15,24.09
key_7,347.79
key_11,348.00
key_4,678.83
key_3,25.97
key_5,26.43
key_17,1317.12
key_14,349.81
key_8,349.93
key_15,323.82
key_6,324.15
key_6,324.20
key_1,324.06
key_7,2.85
key_5,4.07
key_15,325.71
key_8,647.76
key_14,4.49
key_18,979.26
key_10,4.87
key_9,2897.18
key_11,6.65
key_2,650.50
key_15,328.28
key_0,6.90
key_18,981.55
key_13,330.43
key_14,0.86
key_10,8.96
key_4,983.84
key_8,652.65
key_7,10.22
key_9,2901.55
key_15,331.71
key_8,654.21
key_19,655.04
key_17,1622.99
key_13,333.12
key_14,1.42
key_5,12.10
key_3,333.76
key_14,2.22
key_16,12.38
key_17,1624.16
key_15,334.37
key_7,13.20
key_12,13.41
key_11,13.13
key_3,335.11
key_17,1625.28
key_6,335.59
key_14,3.62
key_15,335.71
key_10,14.67
key_18,989.09
key_16,14.29
key_13,336.76
key_18,990.19
key_4,990.64
key_1,338.09
key_9,2908.60
key_16,17.00
key_7,17.98
key_8,661.21
key_18,992.79
key_10,18.41
key_5,18.41
key_12,19.34
key_17,1932.47
key_18,3.72
key_13,642.78
key_2,964.81
key_9,3213.59
key_2,965.87
key_15,643.60
key_6,644.48
key_4,5.62
key_11,2.45
key_5,323.36
key_1,6.24
key_14,313.38
key_12,2.91
key_0,1.36
key_16,324.14
key_4,7.09
key_12,3.39
key_17,1.76
key_11,4.35
key_5,324.84
key_11,5.11
key_18,8.36
key_3,647.18
key_2,2.82
key_11,5.45
key_14,315.91
key_7,327.52
key_7,327.57
key_12,6.31
key_13,649.11
key_17,4.46
key_9,3219.81
key_1,10.95
key_17,5.36
key_9,3219.89
key_2,5.19
key_2,5.23
key_2,6.45
key_19,973.30
key_4,12.30
key_9,3221.17
key_7,329.95
key_4,12.40
key_16,329.94
key_19,974.42
key_16,330.64
key_12,9.82
key_16,331.56
key_8,14.51
key_12,10.88
key_6,653.56
key_14,322.74
key_19,976.76
key_6,654.77
key_18,15.81
key_4,15.78
key_8,16.50
key_4,16.58
key_16,333.83
key_5,333.94
key_17,11.28
key_17,11.62
key_3,656.45
key_14,324.72
key_8,17.84
key_19,978.89
key_0,12.60
key_13,657.56
key_13,657.79
key_6,657.72
key_4,18.73
key_19,980.17
key_6,658.18
key_4,19.67
key_13,658.78
key_12,16.03
key_2,13.95
key_11,17.24
key_11,17.25
key_0,14.84
key_13,659.53
key_18,21.03
key_0,15.46
key_1,21.08
key_7,338.74
key_6,660.61
key_0,16.01
key_0,16.35
key_4,22.17
key_8,22.26
key_17,17.06
key_13,662.66
key_13,663.23
key_5,341.39
key_9,3233.59
key_10,342.52
key_14,332.23
key_1,25.47
key_12,22.04
key_13,665.15
key_18,26.32
key_19,987.56
key_16,343.98
key_17,21.46
key_12,23.68
key_19,988.52
key_17,22.10
key_12,24.27
key_2,22.38
key_8,28.45
key_9,3237.54
key_11,25.62
key_2,23.36
key_15,668.15
key_11,26.52
key_1,30.17
key_16,640.30
key_13,962.31
key_2,317.48
key_19,3.09
key_15,962.80
key_11,321.42
key_10,642.41
key_1,324.86
key_11,321.66
key_10,642.56
key_7,1.96
key_14,5.84
key_16,643.44
key_7,2.38
key_18,326.50
key_19,6.07
key_3,7.01
key_5,7.05
key_12,323.84
key_3,7.10
key_6,966.53
key_19,7.76
key_17,3.42
key_5,7.99
key_6,967.47
key_11,325.24
key_9,3537.92
key_0,323.43
key_5,9.33
key_14,9.42
key_19,9.46
key_15,968.65
key_19,9.99
key_14,10.41
key_8,1.01
key_2,325.15
key_11,327.81
key_18,331.76
key_12,328.06
key_14,11.63
key_7,8.22
key_1,332.16
key_1,332.17
key_17,8.07
key_13,972.03
key_17,8.74
key_15,972.35
key_5,13.19
key_12,329.94
key_10,651.86
key_1,334.71
key_12,331.17
key_17,10.24
key_9,3543.93
key_2,329.71
key_2,330.00
key_17,11.19
key_8,6.17
key_11,332.81
key_17,11.93
key_8,6.97
key_13,975.91
key_11,333.65
key_15,975.66
key_17,12.04
key_12,333.91
key_10,655.29
key_4,16.55
key_12,334.06
key_6,976.86
key_12,334.21
key_11,335.10
key_11,335.15
key_18,338.40
key_12,334.97
key_11,335.43
key_10,656.39
key_2,333.04
key_3,18.77
key_10,657.40
key_3,19.42
key_6,978.87
key_1,339.89
key_16,5.82
key_8,10.12
key_9,3549.65
key_10,658.36
key_4,19.67
key_0,335.23
key_0,336.14
key_15,980.53
key_2,336.27
key_15,980.88
key_0,337.10
key_17,17.96
key_7,18.89
key_1,342.83
key_17,18.60
key_18,343.46
key_14,23.07
key_4,22.36
key_7,19.60
key_17,19.06
key_5,9.89
key_9,3553.17
key_9,3553.23
key_14,24.10
key_15,983.32
key_5,10.61
key_0,339.33
key_5,11.05
key_16,11.21
key_18,345.24
key_6,984.25
key_3,25.09
key_18,345.88
key_0,340.23
key_19,25.43
key_19,25.79
key_16,12.70
key_16,12.74
key_7,22.81
key_4,26.03
key_13,986.68
key_4,26.45
key_16,13.67
key_3,27.37
key_15,986.86
key_10,665.75
key_0,342.65
key_0,342.97
key_0,343.04
key_13,987.73
key_2,342.95
key_14,28.84
key_4,28.17
key_11,346.11
key_17,24.84
key_1,349.81
key_0,344.22
key_9,3558.79
key_10,667.95
key_0,344.76
key_3,30.07
key_4,29.59
key_6,990.02
key_7,27.13
key_10,668.94
key_15,990.14
key_7,29.00
key_1,353.29
key_14,33.23
key_15,992.84
key_14,33.99
key_10,672.37
key_6,994.15
key_17,30.69
key_16,21.83
key_7,32.24
key_14,36.06
key_6,995.77
key_5,23.10
key_10,674.98
key_10,675.24
key_13,1282.74
key_4,322.54
key_17,2.05
key_18,643.69
key_4,323.62
key_16,310.79
key_0,639.17
key_13,1283.86
key_12,642.03
key_10,963.30
key_7,321.79
key_14,326.29
key_5,312.83
key_3,326.99
key_4,326.44
key_6,1286.92
key_10,965.85
key_9,3857.56
key_19,6.99
key_14,328.93
key_8,319.61
key_19,7.82
key_19,8.12
key_11,8.18
key_18,650.20
key_1,650.63
key_19,8.92
key_19,8.93
key_18,651.40
key_0,645.81
key_16,317.51
key_13,1291.21
key_10,969.76
key_10,970.03
key_9,3861.80
key_13,1292.09
key_16,320.82
key_7,330.95
key_15,0.85
key_0,650.08
key_2,4.67
key_18,657.79
key_13,3.88
key_4,337.19
key_13,4.43
key_18,658.88
key_15,4.35
key_13,5.18
key_19,18.16
key_13,5.74
key_7,336.53
key_1,660.55
key_18,660.95
key_8,331.22
key_14,341.10
key_9,3870.54
key_4,340.89
key_8,332.29
key_14,342.16
key_9,3871.51
key_1,663.07
key_10,295.01
key_6,0.83
key_2,305.10
key_18,957.12
key_3,637.20
key_3,637.46
key_1,958.31
key_7,634.65
key_18,958.66
key_2,307.08
key_16,2.89
key_12,955.17
key_7,635.40
key_13,1.46
key_9,4168.39
key_19,317.82
key_9,4168.73
key_8,630.03
key_14,639.58
key_9,4168.94
key_13,0.84
key_13,1.12
key_0,4.73
key_9,4169.52
key_6,4.84
key_12,957.26
key_15,306.27
key_12,957.64
key_11,319.64
key_9,4170.84
key_0,6.17
key_11,320.29
key_10,300.49
key_2,310.45
key_14,642.11
key_18,962.57
key_3,642.08
key_0,6.96
key_12,959.25
key_15,308.15
key_13,3.81
key_13,4.00
key_2,312.04
key_0,8.02
key_5,629.90
key_18,964.10
key_15,309.32
key_9,4173.19
key_13,5.09
key_16,8.78
key_5,630.96
key_15,310.24
key_11,323.37
key_18,965.32
key_7,641.39
key_2,313.83
key_7,641.56
key_9,4174.55
key_9,4174.58
key_10,304.40
key_4,8.11
key_7,642.42
key_9,4175.58
key_19,2.36
key_12,963.69
key_18,967.38
key_16,12.03
key_3,647.49
key_19,2.97
key_19,3.49
key_9,4177.33
key_4,10.50
key_19,3.87
key_16,13.00
key_18,968.89
key_8,639.02
key_7,645.48
key_5,635.44
key_1,10.14
key_16,14.32
key_14,1.73
key_11,328.45
key_11,328.81
key_4,12.61
key_17,329.27
key_16,15.07
key_11,329.52
key_12,967.60
key_0,15.43
key_8,641.69
key_16,17.09
key_10,311.62
key_7,649.38
key_16,17.69
key_14,5.10
key_11,332.11
key_9,4182.76
key_13,3.56
key_3,653.92
key_10,313.15
key_15,319.87
key_1,15.82
key_15,320.31
key_4,17.49
key_17,333.82
key_8,645.96
key_1,16.86
key_1,17.14
key_13,5.95
key_16,21.25
key_10,315.87
key_14,317.77
key_4,1.24
key_8,1.45
key_7,962.53
key_17,1.23
key_17,1.24
key_5,952.66
key_15,631.83
key_17,1.34
key_15,632.09
key_7,963.21
key_4,2.04
key_5,953.19
key_8,2.49
key_14,319.02
key_16,2.60
key_7,963.67
key_8,2.68
key_10,3.06
key_16,3.18
key_1,2.88
key_16,3.38
key_3,968.11
key_14,320.16
key_12,1285.02
key_6,332.90
key_9,4498.50
key_9,4498.58
key_11,4.94
key_7,965.99
key_13,319.16
key_8,4.94
key_6,335.05
key_12,1287.74
key_15,636.57
key_9,4500.32
key_18,1291.44
key_11,6.62
key_15,636.67
key_8,7.17
key_18,1292.21
key_5,958.25
key_4,7.12
key_16,7.34
key_2,7.42
key_7,968.41
key_13,321.92
key_15,637.86
key_6,336.90
key_15,637.95
key_14,324.34
key_4,8.09
key_6,337.39
key_1,8.09
key_3,973.20
key_4,8.98
key_15,639.32
key_3,973.75
key_0,338.87
key_10,9.79
key_15,639.98
key_11,9.96
key_10,9.84
key_12,1291.46
key_12,1291.77
key_18,1295.53
key_8,10.64
key_2,10.76
key_14,327.20
key_10,11.31
key_2,11.59
key_3,976.09
key_6,340.80
key_4,11.77
key_18,1296.94
key_14,328.82
key_6,342.31
key_19,333.64
key_17,13.26
key_3,978.46
key_1,13.78
key_3,978.82
key_3,979.14
key_1,14.28
key_5,965.87
key_2,15.25
key_12,1296.72
key_17,15.32
key_6,345.05
key_16,16.64
key_5,967.84
key_0,655.08
key_0,655.17
key_10,326.23
key_4,326.18
key_15,1.32
key_15,1.50
key_3,1291.21
key_8,1.25
key_13,641.19
key_14,643.58
key_8,1.70
key_5,1278.14
key_16,2.07
key_1,1.88
key_15,2.37
key_19,647.69
key_18,1612.73
key_15,2.64
key_12,1609.09
key_9,2.83
key_18,1613.04
key_4,327.90
key_6,2.93
key_10,328.48
key_10,328.50
key_19,648.53
key_4,328.43
key_1,3.06
key_0,657.72
key_10,328.57
key_0,658.03
key_17,328.55
key_19,648.99
key_17,328.63
key_17,328.63
key_11,4.21
key_19,649.33
key_8,4.13
key_14,646.13
key_12,1610.93
key_7,1290.71
key_13,643.87
key_8,4.24
key_14,646.49
key_16,4.88
key_10,330.06
key_12,1611.74
key_2,5.21
key_4,330.43
key_18,1615.63
key_15,5.58
key_15,5.56
key_11,5.81
key_10,331.17
key_1,5.74
key_18,1616.34
key_16,6.23
key_9,6.38
key_7,1292.57
key_5,1283.00
key_2,6.80
key_4,331.88
key_9,7.12
key_7,1293.23
key_19,652.22
key_7,1293.23
key_0,661.99
key_1,7.36
key_3,1297.45
key_14,649.45
key_2,7.67
key_1,7.44
key_5,1283.97
key_11,8.46
key_9,8.40
key_13,647.68
key_8,8.19
key_11,8.71
key_2,8.54
key_2,8.58
key_13,648.07
key_15,8.93
key_19,654.22
key_9,9.45
key_16,9.38
key_14,651.01
key_8,9.15
key_12,1616.24
key_17,334.59
key_13,649.21
key_15,9.94
key_19,655.39
key_3,1299.96
key_11,10.77
key_15,10.61
key_7,1297.14
key_13,650.29
key_0,665.62
key_8,11.11
key_15,11.74
key_16,11.93
key_8,11.80
key_7,1298.45
key_9,12.51
key_0,666.81
key_8,12.28
key_8,12.57
key_17,337.64
key_19,658.28
key_14,654.78
key_3,1303.04
key_0,667.61
key_16,13.62
key_11,14.10
key_13,653.43
key_5,2.19
key_14,3.17
key_2,2.06
key_18,1932.89
key_0,3.32
key_17,647.63
key_10,648.66
key_4,650.50
key_4,650.54
key_0,6.10
key_10,650.82
key_3,1615.41
key_1,325.98
key_4,651.43
key_4,651.51
key_1,326.42
key_12,1933.36
key_8,327.17
key_4,652.45
key_5,8.75
key_1,1.47
key_1,1.46
key_8,328.10
key_2,7.92
key_15,328.50
key_1,2.32
key_19,975.00
key_1,3.04
key_19,975.17
key_4,655.33
key_6,10.86
key_8,330.18
key_11,330.84
key_1,3.73
key_15,330.75
key_6,11.19
key_4,656.00
key_12,1937.46
key_2,10.71
key_1,4.38
key_16,6.76
key_7,1617.89
key_16,6.95
key_4,656.76
key_16,7.01
key_6,12.56
key_8,332.15
key_4,657.46
key_0,6.21
key_6,13.56
key_8,332.81
key_9,333.28
key_19,978.36
key_2,12.98
key_5,14.03
key_11,334.36
key_14,15.36
key_18,1945.46
key_15,335.43
key_5,15.91
key_15,335.46
key_18,1946.09
key_4,660.96
key_0,9.63
key_2,15.88
key_8,336.19
key_4,661.92
key_13,10.43
key_18,1947.86
key_0,11.79
key_11,338.79
key_5,19.50
key_13,12.62
key_3,1939.34
key_6,330.11
key_8,649.35
key_10,974.75
key_10,974.73
key_18,2259.83
key_19,1295.93
key_10,975.88
key_11,651.00
key_10,975.90
key_17,3.62
key_7,1937.10
key_0,325.30
key_0,325.37
key_10,976.87
key_7,1937.98
key_10,977.01
key_4,4.83
key_11,652.67
key_2,5.37
key_5,333.02
key_3,1942.24
key_2,5.79
key_15,6.35
key_19,1298.89
key_12,6.66
key_8,654.00
key_7,1940.70
key_7,1940.96
key_5,335.45
key_15,8.13
key_17,8.47
key_1,329.22
key_19,1301.79
key_7,1943.31
key_13,10.34
key_11,658.03
key_6,338.65
key_5,338.99
key_3,1948.56
key_18,2269.45
key_9,659.85
key_6,653.20
key_12,325.38
key_2,325.68
key_18,2.95
key_13,325.82
key_3,3.07
key_11,973.32
key_1,647.80
key_18,4.84
key_18,4.80
key_11,974.99
key_18,4.80
key_8,5.08
key_3,6.27
key_0,649.81
key_16,6.45
key_7,2262.45
key_10,6.42
key_15,329.52
key_19,1622.28
key_6,657.62
key_10,7.41
key_6,657.76
key_5,7.90
key_1,651.50
key_17,9.16
key_15,331.83
key_14,332.56
key_7,2266.32
key_0,654.21
key_14,333.84
key_10,12.15
key_2,334.88
key_15,335.00
key_1,655.74
key_4,12.90
key_3,13.01
key_6,663.39
key_13,336.07
key_13,336.51
key_5,13.96
key_11,983.88
key_0,657.54
key_5,14.51
key_17,15.21
key_0,658.43
key_8,15.08
key_11,985.14
key_6,666.38
key_7,2272.15
key_3,17.18
key_0,661.63
key_6,668.92
key_14,341.55
key_5,19.05
key_16,19.89
key_0,664.07
key_10,21.43
key_17,22.20
key_18,22.47
key_19,1638.00
key_0,666.88
key_17,24.14
key_10,24.39
key_6,675.21
key_7,2281.38
key_18,25.75
key_19,1641.23
key_16,26.79
key_9,1298.79
key_3,2.70
key_5,2.95
key_11,2.84
key_1,971.76
key_9,1298.89
key_4,3.72
key_2,4.94
key_1,973.84
key_7,2586.95
key_5,5.03
key_14,653.80
key_11,5.04
key_16,331.05
key_8,332.04
key_4,6.01
key_4,6.03
key_16,332.03
key_13,6.04
key_2,6.08
key_5,6.25
key_15,6.87
key_17,333.22
key_0,976.43
key_11,7.03
key_2,7.56
key_17,333.76
key_15,8.02
key_19,1948.97
key_13,8.00
key_4,8.10
key_12,2.85
key_3,8.09
key_3,8.63
key_17,335.13
key_1,977.81
key_7,2590.99
key_17,335.74
key_16,335.58
key_2,9.94
key_18,10.16
key_13,10.22
key_13,10.62
key_16,336.92
key_2,10.96
key_3,11.23
key_5,11.49
key_13,11.53
key_1,980.89
key_8,338.09
key_14,660.87
key_15,12.80
key_5,12.83
key_13,12.81
key_2,13.55
key_12,8.35
key_11,13.58
key_18,14.15
key_19,1955.18
key_8,340.96
key_1,983.76
key_3,15.27
key_1,984.49
key_9,1311.88
key_0,986.04
key_8,342.77
key_2,17.27
key_9,1313.24
key_18,17.73
key_12,12.56
key_19,1959.21
key_4,18.31
key_10,344.78
key_14,667.60
key_18,19.31
key_16,345.41
key_10,345.83
key_4,19.92
key_0,989.89
key_15,20.50
key_1,989.92
key_11,21.03
key_9,1317.59
key_5,21.66
key_4,22.23
key_19,1963.17
key_16,348.81
key_10,349.30
key_6,1000.01
key_7,2606.20
key_12,19.43
key_7,2607.23
key_17,352.10
key_1,995.28
key_8,352.86
key_16,353.17
key_17,353.80
key_18,27.88
key_14,677.13
key_10,354.70
key_17,355.42
key_4,29.62
key_14,678.81
key_12,25.19
key_7,2612.83
key_16,3.16
key_17,646.77
key_16,2.82
key_9,1616.70
key_16,3.34
key_14,970.19
key_6,1297.78
key_3,321.42
key_8,648.34
key_4,4.93
key_4,5.01
key_18,322.27
key_17,648.66
key_5,1.35
key_18,322.39
key_13,5.84
key_15,6.05
key_1,1292.34
key_0,1292.87
key_15,6.21
key_18,324.22
key_18,324.26
key_6,1300.63
key_12,319.57
key_15,8.06
key_11,325.40
key_4,8.86
key_9,1622.49
key_13,9.29
key_4,9.60
key_6,1303.27
key_9,0.73
key_2,328.26
key_7,10.77
key_13,10.74
key_7,10.86
key_6,1304.65
key_14,977.91
key_13,11.96
key_14,978.62
key_0,1299.75
key_17,656.63
key_19,2271.46
key_12,325.31
key_2,330.84
key_13,13.72
key_17,657.50
key_18,331.48
key_4,14.22
key_11,332.33
key_5,11.25
key_0,1301.78
key_12,327.71
key_18,332.92
key_6,1309.27
key_14,982.03
key_7,16.24
key_12,328.70
key_18,333.87
key_7,17.21
key_19,2275.83
key_17,661.51
key_10,661.73
key_2,336.02
key_14,985.11
key_9,9.48
key_3,336.51
key_5,15.84
key_12,331.71
key_11,337.40
key_4,20.18
key_3,337.69
key_19,2278.92
key_5,17.38
key_13,20.96
key_14,987.82
key_6,3.30
key_11,339.55
key_14,988.79
key_11,641.45
key_7,324.08
key_4,325.62
key_19,2583.93
key_10,3.81
key_2,1.00
key_2,1.98
key_19,2584.93
key_7,326.56
key_3,643.82
key_16,6.33
key_1,1614.17
key_19,2586.24
key_15,1.30
key_7,328.13
key_19,2587.03
key_15,2.13
key_17,972.36
key_10,0.00
key_10,0.22
key_3,647.11
key_3,647.14
key_19,2588.79
key_3,647.63
key_5,326.80
key_15,4.89
key_17,975.10
key_18,648.89
key_12,643.69
key_12,644.86
key_6,11.09
key_2,8.88
key_3,650.81
key_9,324.76
key_14,1301.72
key_9,326.74
key_0,1623.62
key_0,1624.10
key_2,13.36
key_2,13.90
key_13,17.38
key_16,17.93
key_14,1306.18
key_8,15.93
key_17,984.60
key_7,636.24
key_0,1923.22
key_3,953.61
key_2,311.91
key_2,312.69
key_0,1924.10
key_10,3.27
key_8,313.13
key_9,628.97
key_17,1282.29
key_14,1604.92
key_12,4.85
key_8,315.53
key_7,2.70
key_2,315.84
key_6,319.36
key_4,7.19
key_11,7.56
key_0,1928.56
key_14,1607.98
key_0,1929.43
key_15,316.15
key_11,8.71
key_4,9.21
key_3,960.52
key_11,9.43
key_2,319.74
key_8,319.80
key_0,1931.23
key_7,6.74
key_5,641.02
key_10,10.71
key_7,0.98
key_5,642.33
key_3,963.22
key_5,642.39
key_2,321.59
key_5,642.62
key_2,322.24
key_15,320.54
key_18,964.50
key_17,1290.81
key_18,964.55
key_12,4.83
key_16,326.58
key_2,323.53
key_7,3.07
key_3,965.28
key_12,6.72
key_19,11.31
key_16,327.57
key_4,15.08
key_8,325.29
key_15,323.46
key_7,5.07
key_1,1936.69
key_11,16.42
key_6,328.95
key_16,329.19
key_14,1617.44
key_12,8.94
key_18,968.63
key_8,327.35
key_9,642.45
key_12,10.00
key_0,1939.19
key_2,327.87
key_3,970.16
key_15,326.39
key_18,970.86
key_19,15.77
key_17,1297.47
key_19,16.28
key_10,20.39
key_13,332.87
key_1,1940.95
key_15,328.59
key_5,651.50
key_3,972.38
key_8,331.39
key_17,1299.55
key_4,21.89
key_2,331.91
key_13,334.91
key_9,647.66
key_18,974.48
key_2,333.09
key_10,23.64
key_9,648.98
key_3,975.29
key_11,25.02
key_19,21.36
key_13,338.06
key_0,1946.46
key_16,338.76
key_3,977.48
key_6,339.26
key_11,26.83
key_16,339.82
key_18,979.25
key_9,652.44
key_1,1948.69
key_13,341.24
key_16,341.35
key_9,653.76
key_6,341.65
key_12,21.33
key_17,1307.35
key_15,337.59
key_0,1951.00
key_7,19.64
key_16,343.60
key_9,939.83
key_11,315.23
key_7,305.79
key_17,1597.46
key_18,1.19
key_12,2.37
key_8,631.58
key_18,3.50
key_3,1273.38
key_2,632.47
key_19,319.26
key_5,2.01
key_10,323.15
key_15,631.29
key_14,9.85
key_6,636.32
key_13,636.41
key_18,5.84
key_4,324.51
key_16,637.06
key_2,634.00
key_6,637.75
key_0,2246.24
key_1,4.36
key_15,633.55
key_2,635.61
key_3,1277.40
key_17,1604.48
key_13,639.30
key_14,12.89
key_18,8.32
key_11,327.49
key_16,640.12
key_10,327.59
key_12,9.60
key_15,636.36
key_0,2250.38
key_2,639.58
key_8,639.64
key_1,14.41
key_3,1286.83
key_19,332.33
key_7,325.27
key_6,649.08
key_16,649.31
key_14,23.10
key_15,644.99
key_16,650.59
key_15,645.96
key_9,963.53
key_18,315.62
key_12,2.36
key_19,2.27
key_6,3.60
key_2,944.96
key_1,315.35
key_7,625.56
key_7,625.61
key_12,1.00
key_0,1.58
key_15,944.81
key_7,626.75
key_10,5.63
key_10,5.66
key_17,303.16
key_13,950.90
key_8,948.00
key_5,312.27
key_7,628.26
key_15,946.70
key_9,1263.86
key_8,949.39
key_18,321.28
key_9,1264.51
key_15,947.88
key_18,321.83
key_8,950.14
key_15,948.61
key_18,322.67
key_10,10.01
key_8,0.59
key_18,324.99
key_9,1268.29
key_4,644.22
key_10,12.19
key_17,1.68
key_2,954.30
key_9,1269.93
key_4,645.93
key_16,14.46
key_15,954.52
key_4,647.51
key_6,16.13
key_9,1273.00
key_0,13.44
key_12,13.77
key_1,328.86
key_18,331.73
key_13,963.30
key_14,337.24
key_1,330.75
key_0,16.76
key_18,334.11
key_3,1604.45
key_9,1278.31
key_5,627.88
key_17,311.14
key_4,954.38
key_17,311.35
key_3,1905.66
key_17,311.41
key_15,2.10
key_4,955.22
key_12,319.65
key_4,955.55
key_6,3.10
key_0,3.03
key_5,629.31
key_11,4.18
key_8,314.30
key_3,1908.14
key_16,4.69
key_10,4.63
key_1,4.57
key_14,643.30
key_12,322.60
key_15,6.05
key_7,947.49
key_2,1267.93
key_13,1270.95
key_5,632.27
key_15,6.20
key_8,317.03
key_8,317.70
key_15,7.66
key_4,960.03
key_17,317.03
key_2,1269.54
key_2,1269.50
key_5,634.40
key_9,1585.93
key_16,9.18
key_15,9.11
key_11,2.19
key_16,9.21
key_18,643.16
key_2,1271.30
key_14,648.11
key_6,9.73
key_9,1587.12
key_2,1272.06
key_3,1914.31
key_9,1587.67
key_5,636.88
key_2,1272.66
key_15,10.88
key_14,650.21
key_19,332.24
key_6,11.87
key_12,328.75
key_10,11.99
key_14,651.07
key_1,12.70
key_14,651.12
key_16,13.01
key_16,13.18
key_15,13.12
key_6,13.64
key_10,13.76
key_5,639.91
key_2,1275.63
key_14,652.18
key_19,334.83
key_3,1918.19
key_4,967.57
key_17,324.60
key_4,968.41
key_7,957.43
key_14,654.37
key_8,326.14
key_14,655.17
key_10,16.87
key_14,655.20
key_8,326.97
key_13,1282.25
key_19,337.73
key_5,643.67
key_14,655.88
key_7,959.60
key_9,1595.14
key_15,18.27
key_13,1283.53
key_15,18.75
key_7,960.60
key_15,19.23
key_0,19.57
key_12,337.01
key_16,20.85
key_8,331.36
key_5,647.42
key_8,331.80
key_11,15.03
key_8,332.40
key_5,648.57
key_11,15.97
key_6,23.29
key_0,322.68
key_16,322.95
key_1,322.82
key_1,322.85
key_18,2.65
key_10,324.65
key_15,4.41
key_11,0.99
key_3,5.25
key_1,325.72
key_10,325.89
key_16,326.81
key_14,6.55
key_1,326.83
key_0,326.75
key_9,1904.43
key_7,7.65
key_4,1280.42
key_19,648.29
key_19,648.68
key_13,1594.03
key_14,8.99
key_11,5.36
key_12,646.19
key_10,329.45
key_11,6.42
key_5,956.54
key_10,330.45
key_7,2.42
key_2,1592.25
key_5,957.44
key_1,3.30
key_9,1908.25
key_15,6.27
key_7,3.40
key_13,1596.28
key_7,4.22
key_1,4.31
key_12,649.12
key_11,8.42
key_2,1594.25
key_17,642.57
key_2,1595.09
key_4,1285.61
key_4,1285.69
key_12,650.10
key_19,654.53
key_10,334.28
key_9,1912.05
key_0,335.04
key_3,14.89
key_13,1600.32
key_19,655.77
key_12,652.76
key_0,336.21
key_12,653.19
key_3,16.04
key_11,12.81
key_4,1289.45
key_18,16.81
key_18,17.10
key_13,1602.61
key_5,963.93
key_14,17.77
key_12,655.18
key_5,964.56
key_1,10.61
key_12,657.13
key_5,966.96
key_15,16.25
key_9,1918.70
key_14,22.00
key_5,968.89
key_5,969.36
key_19,664.08
key_6,344.31
key_12,950.15
key_6,633.28
key_0,634.07
key_2,2.18
key_0,634.80
key_8,314.66
key_7,307.50
key_14,315.32
key_7,308.26
key_17,945.71
key_2,5.10
key_6,637.11
key_6,637.91
key_8,318.79
key_7,312.13
key_13,1905.05
key_15,0.44
key_18,1.17
key_11,1.88
key_9,2218.01
key_12,957.91
key_14,320.86
key_9,2218.12
key_7,313.57
key_2,10.13
key_19,962.49
key_9,2219.18
key_12,959.02
key_2,11.01
key_5,1269.23
key_19,963.40
key_11,4.06
key_13,1908.01
key_17,953.55
key_0,5.10
key_7,316.25
key_17,0.09
key_12,961.08
key_19,965.82
key_6,645.45
key_13,1910.39
key_15,5.77
key_0,6.50
key_18,6.50
key_5,1272.45
key_14,326.48
key_19,967.04
key_5,1272.89
key_18,7.74
key_18,8.43
key_9,2225.12
key_2,16.13
key_14,327.95
key_19,968.51
key_2,16.66
key_16,16.93
key_8,328.83
key_12,965.98
key_7,321.35
key_15,9.58
key_2,17.40
key_19,970.00
key_9,2226.74
key_4,1602.31
key_16,18.06
key_6,650.38
key_11,11.55
key_16,18.71
key_18,3.26
key_15,11.91
key_11,12.71
key_2,20.33
key_14,332.26
key_1,8.36
key_11,13.50
key_16,21.00
key_5,1279.26
key_13,1918.06
key_12,970.44
key_13,1918.71
key_5,1280.27
key_2,22.41
key_18,6.81
key_3,335.01
key_12,972.63
key_5,1282.44
key_13,1921.59
key_11,311.91
key_16,318.99
key_14,632.27
key_1,308.39
key_1,309.52
key_11,315.11
key_15,315.35
key_5,0.47
key_15,316.63
key_13,2221.49
key_18,309.53
key_8,8.69
key_12,6.57
key_1,313.58
key_3,638.33
key_19,1279.02
key_11,319.86
key_15,319.92
key_16,2.31
key_4,1912.33
key_0,321.69
key_7,3.14
key_9,2538.82
key_4,1914.31
key_11,323.30
key_9,2539.91
key_19,1283.60
key_7,5.67
key_7,6.16
key_12,12.86
key_16,6.65
key_19,1284.79
key_10,964.86
key_12,13.73
key_5,9.44
key_0,326.53
key_5,9.79
key_17,321.93
key_1,322.29
key_16,8.95
key_10,966.75
key_15,327.35
key_0,329.41
key_2,1.76
key_8,329.06
key_17,634.34
key_4,2231.20
key_1,3.00
key_16,2.82
key_12,327.86
key_12,327.92
key_0,3.39
key_10,1279.96
key_17,635.74
key_19,1600.25
key_13,2545.48
key_6,326.00
key_4,2233.49
key_4,2233.49
key_3,960.74
key_3,961.25
key_7,324.00
key_17,637.53
key_7,324.46
key_19,1602.42
key_6,327.42
key_12,330.97
key_3,961.89
key_6,327.67
key_1,6.57
key_0,6.46
key_9,2859.91
key_3,962.85
key_16,7.10
key_11,6.76
key_12,332.10
key_2,7.83
key_15,644.24
key_19,1604.37
key_9,2861.03
key_8,335.99
key_0,8.53
key_8,336.06
key_3,964.70
key_0,9.31
key_0,9.39
key_4,2238.35
key_5,330.76
key_9,2863.63
key_2,10.51
key_15,647.44
key_12,336.34
key_4,2240.74
key_3,968.03
key_1,12.49
key_9,2866.04
key_15,649.32
key_13,2554.04
key_0,13.29
key_9,2866.76
key_15,650.60
key_16,14.31
key_3,970.62
key_19,1611.29
key_5,335.74
key_12,340.42
key_18,16.33
key_9,2869.07
key_17,648.48
key_12,341.50
key_16,299.88
key_14,319.03
key_6,623.46
key_7,621.31
key_11,303.31
key_17,937.01
key_10,1582.09
key_9,3160.30
key_12,632.88
key_12,632.99
key_11,0.94
key_0,308.59
key_1,309.20
key_11,1.63
key_13,2850.74
key_15,946.12
key_6,631.96
key_3,3.50
key_14,328.81
key_0,311.32
key_16,311.68
key_19,1908.19
key_19,1909.02
key_19,1909.02
key_8,639.76
key_16,312.68
key_2,313.39
key_14,331.53
key_1,313.81
key_7,632.60
key_2,314.09
key_18,314.77
key_6,636.30
key_15,951.25
key_9,3168.54
key_5,17.55
key_2,316.11
key_19,1.52
key_13,4.62
key_13,5.41
key_12,642.12
key_2,317.98
key_15,954.36
key_7,636.58
key_2,318.12
key_19,4.37
key_3,7.41
key_8,646.40
key_5,21.32
key_1,320.19
key_15,956.42
key_8,647.55
key_0,320.55
key_14,0.88
key_13,9.25
key_15,957.27
key_14,1.33
key_0,321.51
key_14,1.81
key_12,647.54
key_1,322.87
key_5,24.13
key_11,15.28
key_19,8.46
key_14,1.66
key_12,648.78
key_14,1.96
key_11,16.14
key_14,2.55
key_10,1600.79
key_1,324.91
key_4,2553.76
key_17,957.20
key_4,2553.81
key_2,325.76
key_3,14.04
key_4,2554.36
key_16,8.94
key_3,14.65
key_16,9.45
key_3,15.15
key_6,648.86
key_9,3180.57
key_15,964.37
key_9,3181.20
key_19,13.90
key_15,964.96
key_13,17.54
key_17,961.19
key_3,17.99
key_17,961.71
key_14,8.45
key_9,3183.54
key_10,1607.08
key_14,9.08
key_10,1607.63
key_12,656.44
key_16,14.51
key_14,10.15
key_9,3185.62
key_18,332.98
key_8,660.15
key_12,657.99
key_2,333.44
key_10,1609.69
key_3,22.18
key_2,333.92
key_19,19.68
key_8,661.61
key_0,334.50
key_10,1611.11
key_4,2563.94
key_11,27.91
key_4,2564.89
key_16,19.31
key_11,29.24
key_12,662.53
key_17,969.92
key_9,3489.29
key_11,1.86
key_13,324.71
key_3,324.67
key_5,337.84
key_7,954.99
key_5,339.30
key_10,4.58
key_7,956.46
key_6,959.39
key_12,3.78
key_10,4.64
key_7,957.67
key_15,5.92
key_3,327.57
key_10,5.99
key_0,639.00
key_15,6.04
key_13,329.16
key_4,2869.37
key_17,1272.78
key_3,329.08
key_11,6.60
key_4,2869.70
key_10,8.49
key_7,960.35
key_5,343.24
key_19,7.48
key_6,963.83
key_7,961.36
key_7,961.40
key_2,642.90
key_11,9.12
key_10,10.16
key_11,9.54
key_14,322.08
key_18,644.64
key_19,9.35
key_3,332.94
key_19,9.76
key_15,11.35
key_16,5.82
key_16,5.85
key_8,11.26
key_17,1277.61
key_1,646.17
key_16,7.09
key_7,964.90
key_14,324.92
key_4,2875.41
key_16,8.11
key_12,13.69
key_3,336.75
key_15,15.59
key_13,337.29
key_15,16.16
key_14,327.68
key_0,6.62
key_14,627.36
key_11,316.54
key_19,4.63
key_16,1.70
key_6,3.05
key_11,319.68
key_16,1.80
key_0,310.84
key_17,1587.66
key_11,321.36
key_4,3184.26
key_18,956.14
key_6,4.89
key_18,956.52
key_15,322.86
key_9,3809.32
key_19,9.73
key_16,4.99
key_0,314.01
key_11,322.98
key_12,1.15
key_16,5.10
key_14,1.05
key_13,5.13
key_12,1.34
key_13,5.88
key_3,646.47
key_6,7.37
key_13,6.35
key_19,11.25
key_2,958.74
key_9,3812.46
key_13,7.54
key_10,326.60
key_12,3.77
key_10,326.65
key_19,12.52
key_10,327.71
key_14,4.72
key_11,326.77
key_18,961.68
key_14,5.18
key_14,5.96
key_12,6.28
key_6,11.64
key_3,650.89
key_4,3191.19
key_13,10.85
key_7,1282.07
key_2,963.55
key_14,7.19
key_5,665.01
key_6,12.61
key_18,964.94
key_6,13.88
key_4,3193.41
key_3,653.13
key_15,331.58
key_2,965.56
key_18,966.07
key_0,322.54
key_10,332.85
key_8,15.67
key_16,14.43
key_1,18.98
key_16,14.92
key_9,3820.72
key_2,967.59
key_12,11.48
key_7,1286.34
key_16,16.09
key_3,656.65
key_7,1286.91
key_4,3197.28
key_11,334.62
key_13,16.67
key_19,21.87
key_10,336.35
key_17,1601.72
key_15,336.42
key_16,17.68
key_15,337.09
key_9,3823.55
key_3,658.68
key_2,970.51
key_5,672.29
key_17,1602.89
key_0,327.68
key_12,14.88
key_14,15.26
key_12,15.51
key_9,3824.77
key_4,3200.83
key_8,21.34
key_4,3200.86
key_14,15.95
key_14,16.55
key_10,339.64
key_7,1291.49
key_0,329.79
key_2,973.65
key_13,21.35
key_0,330.48
key_11,339.37
key_10,341.08
key_14,18.05
key_11,340.05
key_14,18.06
key_12,18.88
key_1,27.00
key_2,975.08
key_1,27.48
key_19,28.09
key_3,664.27
key_8,25.04
key_0,333.14
key_6,25.82
key_19,29.77
key_11,343.34
key_19,30.27
key_14,21.87
key_10,344.95
key_0,335.39
key_6,27.72
key_19,31.67
key_13,26.88
key_0,337.56
key_16,28.97
key_15,348.36
key_18,982.44
key_11,348.12
key_1,34.82
key_11,349.01
key_14,27.41
key_9,3837.37
key_9,4129.69
key_11,642.25
key_10,643.30
key_5,978.05
key_8,325.69
key_19,329.22
key_12,321.36
key_4,2.70
key_3,965.89
key_6,2.93
key_19,330.15
key_1,2.97
key_9,4131.83
key_13,326.39
key_3,967.04
key_11,644.42
key_12,322.64
key_12,322.65
key_16,327.22
key_19,332.32
key_6,5.11
key_17,6.03
key_2,6.52
key_17,7.05
key_12,326.49
key_13,330.51
key_3,971.16
key_5,984.74
key_19,335.84
key_1,9.02
key_4,8.86
key_2,9.61
key_11,650.45
key_18,1285.22
key_5,986.74
key_7,11.09
key_18,1286.27
key_3,974.45
key_5,987.64
key_4,11.36
key_18,1287.14
key_7,12.15
key_7,12.17
key_15,653.67
key_18,1287.41
key_7,13.17
key_7,13.17
key_17,13.53
key_3,976.29
key_15,654.72
key_14,332.65
key_19,341.55
key_14,332.74
key_19,341.61
key_14,333.41
key_4,14.92
key_13,337.57
key_18,1290.38
key_8,339.07
key_3,978.62
key_3,979.03
key_13,338.49
key_17,16.41
key_19,343.53
key_4,16.36
key_3,979.84
key_9,4145.16
key_8,341.11
key_2,17.67
key_8,341.15
key_5,993.88
key_19,345.41
key_19,345.42
key_6,8.14
key_8,342.02
key_19,346.10
key_5,995.06
key_11,3.89
key_17,19.93
key_12,338.92
key_14,338.85
key_0,13.24
key_1,20.59
key_7,21.08
key_14,339.51
key_0,13.92
key_5,997.33
key_2,21.88
key_11,6.82
key_15,663.26
key_10,663.62
key_16,15.26
key_14,341.20
key_11,7.84
key_3,985.88
key_8,346.90
key_18,1298.26
key_11,8.44
key_9,4151.32
key_18,1298.76
key_18,1298.88
key_12,342.42
key_3,987.32
key_19,351.57
key_5,1000.52
key_5,1000.55
key_15,665.82
key_16,17.79
key_9,4152.91
key_7,25.05
key_12,343.66
key_16,18.34
key_0,18.46
key_10,667.11
key_11,11.23
key_0,19.05
key_0,19.59
key_15,668.67
key_11,12.64
key_16,20.44
key_18,1302.98
key_7,28.15
key_12,346.83
key_19,355.96
key_14,347.14
key_8,352.93
key_10,670.77
key_1,29.71
key_16,22.54
key_6,19.84
key_6,20.17
key_1,30.29
key_9,4158.26
key_2,31.12
key_13,353.22
key_6,21.15
key_3,994.28
key_0,24.48
key_10,673.16
key_9,4159.98
key_13,354.56
key_5,1008.75
key_12,351.20
key_4,32.84
key_1,33.11
key_13,355.81
key_16,26.34
key_4,34.98
key_0,28.32
key_4,35.78
key_18,1311.36
key_15,678.01
key_13,359.38
key_7,37.34
key_12,356.30
key_4,324.02
key_10,965.61
key_11,309.18
key_6,2.19
key_3,1287.42
key_14,644.47
key_14,644.47
key_9,4453.96
key_16,318.83
key_7,326.97
key_6,5.04
key_0,319.91
key_6,5.39
key_7,328.13
key_11,313.12
key_5,6.09
key_10,969.92
key_1,329.24
key_12,7.22
key_3,1292.34
key_13,651.76
key_3,1293.24
key_17,330.58
key_9,4458.16
key_18,1605.44
key_13,652.75
key_3,1294.23
key_4,331.36
key_5,9.48
key_19,10.32
key_4,332.51
key_0,325.66
key_8,10.97
key_10,974.53
key_19,11.59
key_1,333.81
key_6,11.95
key_14,652.91
key_2,5.22
key_18,1610.29
key_1,335.51
key_9,4463.72
key_4,335.82
key_5,4.01
key_19,14.82
key_14,655.38
key_14,655.36
key_12,15.78
key_7,337.78
key_8,16.44
key_12,16.43
key_8,16.99
key_8,17.05
key_5,7.44
key_8,17.63
key_0,333.02
key_8,19.05
key_13,5.03
key_16,334.90
key_10,984.11
key_6,20.93
key_7,1.09
key_6,21.69
key_4,5.77
key_7,2.19
key_16,337.08
key_13,8.96
key_5,12.98
key_7,3.55
key_3,1308.70
key_4,8.24
key_7,4.17
key_13,10.84
key_6,25.32
key_1,649.93
key_9,4779.05
key_18,1926.82
key_12,329.69
key_10,3.64
key_7,309.83
key_13,4.31
key_11,4.06
key_5,319.89
key_11,4.41
key_16,646.56
key_15,1.47
key_10,5.60
key_15,1.51
key_16,646.67
key_10,5.67
key_13,6.07
key_3,1618.86
key_16,648.97
key_0,649.70
key_11,8.80
key_10,8.85
key_0,649.89
key_12,335.07
key_15,5.01
key_19,10.12
key_12,336.19
key_12,336.21
key_14,10.24
key_17,659.96
key_9,4787.81
key_5,328.01
key_10,12.23
key_18,1935.68
key_5,328.71
key_19,13.08
key_10,12.94
key_15,8.93
key_19,13.72
key_11,13.79
key_18,1937.13
key_12,340.37
key_2,10.49
key_11,14.97
key_12,342.24
key_5,333.10
key_5,333.12
key_5,333.81
key_5,334.36
key_2,14.22
key_6,344.98
key_6,344.99
key_19,19.59
key_13,19.99
key_2,16.01
key_9,4796.22
key_3,1631.84
key_0,662.07
key_17,670.38
key_5,338.19
key_3,1633.93
key_13,23.11
key_12,349.37
key_18,1946.59
key_13,24.11
key_8,23.80
key_7,330.41
key_19,24.87
key_17,673.85
key_1,674.02
key_7,332.36
key_14,26.83
key_15,22.93
key_6,353.68
key_5,344.10
key_0,669.40
key_14,28.99
key_1,677.56
key_1,678.00
key_7,336.37
key_0,671.64
key_1,681.40
key_6,360.14
key_14,34.51
key_4,345.23
key_14,35.66
key_6,362.29
key_11,36.65
key_11,37.06
key_13,37.85
key_14,38.06
key_1,686.55
key_10,38.70
key_8,39.14
key_12,650.14
key_2,1.89
key_15,320.55
key_0,965.70
key_9,5100.89
key_13,2.76
key_2,2.79
key_15,321.90
key_15,321.98
key_16,3.95
key_8,326.25
key_0,967.29
key_19,326.41
key_4,637.11
key_7,5.22
key_13,5.25
key_19,327.50
key_8,328.20
key_12,654.35
key_0,969.23
key_16,6.09
key_19,328.92
key_19,329.00
key_5,6.73
key_6,655.57
key_17,977.92
key_12,655.54
key_15,325.34
key_16,7.55
key_8,329.81
key_2,7.68
key_3,1941.89
key_1,978.95
key_2,8.59
key_7,2.82
key_12,657.04
key_13,8.80
key_7,3.59
key_19,331.82
key_0,972.77
key_7,4.31
key_12,658.66
key_8,332.99
key_11,10.92
key_0,974.39
key_2,11.32
key_16,11.33
key_9,5109.79
key_1,982.51
key_0,975.37
key_18,12.13
key_14,334.62
key_17,982.99
key_18,13.37
key_14,335.84
key_12,661.83
key_14,335.85
key_15,331.58
key_5,13.57
key_1,984.99
key_2,14.62
key_4,647.07
key_0,977.85
key_3,1948.07
key_2,14.79
key_16,14.74
key_17,986.18
key_14,337.83
key_5,15.48
key_16,15.56
key_14,338.82
key_11,16.56
key_12,664.90
key_6,664.98
key_6,664.97
key_7,11.95
key_19,340.13
key_18,17.76
key_11,17.99
key_4,650.39
key_14,340.33
key_18,17.93
key_7,12.95
key_12,667.22
key_6,667.28
key_5,18.95
key_16,19.00
key_12,667.91
key_7,14.06
key_11,20.25
key_16,20.81
key_17,991.80
key_2,21.13
key_7,15.37
key_5,21.85
key_13,21.97
key_5,22.22
key_12,670.88
key_19,344.96
key_15,341.36
key_11,23.39
key_3,1956.76
key_1,993.79
key_6,672.06
key_15,342.40
key_10,24.44
key_11,24.50
key_16,24.78
key_8,347.58
key_16,25.53
key_17,996.44
key_10,25.76
key_6,674.14
key_9,5124.48
key_17,996.94
key_6,674.63
key_16,26.79
key_11,26.89
key_1,997.68
key_2,27.32
key_2,27.34
key_7,21.38
key_12,676.28
key_1,998.40
key_18,27.91
key_5,4.26
key_2,28.83
key_4,661.28
key_6,677.29
key_2,29.57
key_19,351.82
key_13,29.68
key_19,351.92
key_10,29.73
key_8,351.99
key_19,352.63
key_3,1963.76
key_4,662.84
key_4,662.88
key_3,1963.83
key_1,1000.90
key_14,353.21
key_4,663.37
key_5,7.22
key_7,25.37
key_13,31.76
key_11,31.98
key_9,5130.22
key_19,354.25
key_13,32.06
key_13,32.69
key_5,9.10
key_4,665.33
key_14,355.19
key_0,996.88
key_13,33.80
key_14,356.09
key_19,356.03
key_1,1004.22
key_9,5132.79
key_19,356.89
key_10,34.63
key_6,683.02
key_17,1005.82
key_12,683.76
key_3,1968.84
key_18,35.37
key_8,357.91
key_18,35.87
key_19,358.30
key_9,5134.27
key_5,12.51
key_8,358.57
key_8,358.79
key_3,1970.16
key_14,359.12
key_12,685.37
key_7,31.42
key_5,13.74
key_9,5135.97
key_0,1001.35
key_11,38.59
key_3,1972.21
key_13,39.22
key_18,39.42
key_8,362.11
key_17,1010.63
key_13,40.40
key_6,688.73
key_14,363.02
key_10,41.07
key_15,359.42
key_9,5139.98
key_19,364.40
key_9,5140.68
key_4,675.19
key_18,43.05
key_13,321.11
key_0,1284.27
key_10,321.93
key_0,1285.09
key_6,971.18
key_12,971.21
key_9,5422.19
key_19,647.03
key_16,5.73
key_3,0.98
key_19,648.70
key_2,326.57
key_19,649.32
key_9,5425.34
key_14,649.98
key_2,327.77
key_13,328.43
key_7,322.54
key_0,1292.20
key_2,329.13
key_1,1299.99
key_0,1292.77
key_19,652.65
key_0,1293.59
key_7,325.18
key_17,11.25
key_5,0.61
key_11,331.83
key_11,331.90
key_8,654.64
key_18,332.33
key_18,332.92
key_5,3.03
key_15,652.21
key_19,656.97
key_7,329.39
key_12,986.55
key_10,338.90
key_9,0.95
key_3,15.23
key_6,988.37
key_13,340.45
key_11,340.98
key_11,341.06
key_18,341.15
key_17,21.43
key_10,341.46
key_10,341.91
key_10,341.94
key_1,1312.39
key_10,342.35
key_1,1313.11
key_6,991.09
key_13,343.05
key_3,18.65
key_1,1313.85
key_11,345.31
key_4,978.04
key_18,345.49
key_12,0.94
key_6,994.74
key_18,346.29
key_9,8.25
key_9,8.26
key_19,669.59
key_1,1317.83
key_1,1318.31
key_7,341.99
key_7,342.31
key_15,7.82
key_19,670.81
key_19,671.01
key_13,349.13
key_7,345.11
key_5,20.96
key_11,352.04
key_10,352.47
key_4,5.46
key_13,353.47
key_3,29.15
key_12,9.62
key_14,14.36
key_5,24.78
key_11,355.86
key_9,17.65
key_19,678.89
key_19,679.29
key_8,679.65
key_7,634.08
key_16,1.41
key_9,301.48
key_14,300.41
key_14,300.41
key_12,297.26
key_8,964.33
key_3,317.99
key_8,965.00
key_18,4.90
key_16,8.36
key_4,299.63
key_18,9.53
key_8,971.34
key_0,1612.89
key_12,305.42
key_5,320.29
key_6,4.42
key_15,2.40
key_8,973.74
key_7,646.23
key_8,974.38
key_18,14.13
key_17,332.85
key_15,4.34
key_17,333.95
key_14,315.27
key_6,16.66
key_1,24.99
key_10,664.23
key_8,987.03
key_8,1277.44
key_13,955.93
key_0,1919.77
key_6,2.57
key_6,3.46
key_5,627.05
key_18,4.27
key_15,309.78
key_15,309.83
key_14,618.54
key_3,4.86
key_5,629.41
key_2,307.17
key_14,619.58
key_17,1.11
key_16,321.52
key_4,5.59
key_6,6.73
key_3,6.74
key_8,1.02
key_7,955.25
key_8,1.70
key_0,1925.03
key_15,312.90
key_11,4.36
key_5,632.28
key_1,324.04
key_7,957.01
key_5,632.45
key_0,1926.89
key_16,325.53
key_10,966.25
key_12,12.74
key_15,317.55
key_0,1930.80
key_18,14.71
key_10,969.33
key_2,316.88
key_1,331.67
key_2,318.29
key_0,1934.90
key_10,972.06
key_6,17.98
key_18,18.79
key_13,13.74
key_14,632.36
key_4,17.68
key_14,633.27
key_16,335.11
key_16,335.20
key_3,20.18
key_15,325.64
key_15,327.07
key_11,5.23
key_5,646.60
key_6,23.49
key_12,24.32
key_11,7.01
key_15,329.55
key_2,326.19
key_18,26.06
key_11,8.40
key_17,21.08
key_8,20.39
key_18,27.48
key_16,342.57
key_6,27.43
key_2,328.97
key_14,641.71
key_7,976.55
key_1,344.06
key_17,24.06
key_11,1.55
key_14,930.93
key_13,312.37
key_13,313.27
key_9,933.80
key_7,3.46
key_9,934.69
key_10,1274.03
key_5,943.55
key_19,1596.96
key_6,321.21
key_8,0.04
key_17,321.63
key_17,322.62
key_6,327.70
key_11,2.06
key_2,12.06
key_12,328.89
key_17,323.70
key_0,2.05
key_12,329.17
key_8,2.17
key_3,329.03
key_15,634.53
key_6,329.56
key_12,330.06
key_19,1606.22
key_9,945.98
key_12,331.14
key_13,325.79
key_4,330.25
key_2,15.74
key_4,330.92
key_12,332.73
key_2,16.72
key_0,6.23
key_16,648.30
key_1,648.75
key_3,333.69
key_10,1287.84
key_4,0.87
key_11,8.51
key_13,329.48
key_11,9.05
key_15,639.81
key_15,640.12
key_4,1.84
key_0,8.68
key_8,9.08
key_2,19.95
key_15,640.75
key_4,2.52
key_18,9.69
key_0,9.99
key_3,336.56
key_18,10.51
key_19,1613.53
key_2,21.62
key_3,337.74
key_11,12.40
key_8,11.57
key_12,338.96
key_4,5.72
key_4,6.17
key_17,335.01
key_5,963.60
key_16,655.95
key_0,14.40
key_19,1619.14
key_16,658.72
key_8,17.18
key_6,344.19
key_19,1621.01
key_0,18.48
key_7,29.86
key_1,661.45
key_16,661.92
key_17,342.04
key_10,1301.55
key_11,22.32
key_1,663.82
key_12,349.32
key_5,972.80
key_8,23.11
key_6,350.05
key_2,35.70
key_4,18.55
key_5,975.81
key_1,1.68
key_19,1.65
key_16,1.75
key_8,304.56
key_17,629.01
key_8,307.48
key_6,634.03
key_11,309.17
key_6,635.25
key_15,940.29
key_8,308.79
key_7,320.02
key_6,636.25
key_11,310.61
key_12,636.79
key_16,6.99
key_13,631.37
key_13,632.11
key_18,2.70
key_6,637.14
key_1,8.06
key_18,3.24
key_2,322.59
key_3,638.30
key_16,9.02
key_11,312.69
key_12,639.84
key_14,313.67
key_17,634.44
key_8,313.05
key_3,640.29
key_19,6.00
key_7,324.74
key_3,640.46
key_12,641.45
key_5,1265.07
key_11,315.84
key_13,636.55
key_13,637.01
key_19,7.58
key_2,326.95
key_13,637.72
key_14,317.38
key_3,643.59
key_8,317.11
key_4,310.31
key_7,328.03
key_5,1267.34
key_4,311.50
key_9,1260.35
key_11,319.20
key_15,949.89
key_11,320.22
key_0,2.19
key_16,16.61
key_1,3.96
key_2,330.32
key_0,2.66
key_1,4.73
key_6,646.83
key_12,647.35
key_3,646.82
key_4,313.55
key_2,331.61
key_2,331.96
key_3,647.70
key_0,4.01
key_12,648.29
key_18,13.84
key_17,643.85
key_1,6.79
key_13,644.59
key_4,316.23
key_5,1273.10
key_7,334.16
key_15,954.84
key_5,1274.04
key_19,16.08
key_14,325.50
key_9,1266.70
key_9,1267.50
key_11,326.38
key_8,325.63
key_9,1268.16
key_5,1276.25
key_10,1607.11
key_5,1276.83
key_5,1277.60
key_11,329.03
key_7,339.51
key_3,655.72
key_12,656.80
key_5,1280.29
key_7,341.78
key_6,658.13
key_15,963.58
key_19,24.70
key_4,326.21
key_10,1614.18
key_13,655.50
key_11,3.45
key_6,661.27
key_19,27.19
key_0,18.32
key_12,662.96
key_10,1616.95
key_0,19.49
key_6,663.63
key_5,1287.59
key_19,30.01
key_0,21.10
key_9,1280.73
key_18,310.61
key_17,943.88
key_7,633.95
key_13,945.62
key_6,950.59
key_8,624.77
key_7,635.60
key_14,8.42
key_19,318.38
key_6,953.69
key_15,1259.40
key_3,5.55
key_19,320.77
key_7,639.63
key_7,640.13
key_5,7.81
key_4,623.22
key_0,312.86
key_12,957.71
key_17,952.33
key_17,953.07
key_12,958.57
key_19,2.73
key_18,324.97
key_0,315.68
key_1,318.21
key_8,2.00
key_12,1.69
key_5,13.50
key_3,11.95
key_3,12.03
key_9,1577.84
key_8,4.01
key_15,1267.49
key_13,958.21
key_3,13.61
key_0,319.49
key_4,630.67
key_17,959.57
key_4,631.89
key_2,10.80
key_8,7.24
key_1,324.09
key_15,1271.58
key_10,1921.22
key_3,303.54
key_17,1249.51
key_18,621.17
key_2,286.89
key_2,287.67
key_18,623.03
key_2,288.77
key_9,1874.63
key_15,1564.98
key_5,312.56
key_14,317.04
key_10,2215.45
key_11,4.78
key_3,311.80
key_9,1877.51
key_11,5.47
key_2,292.59
key_14,319.00
key_10,2216.80
key_18,628.33
key_11,6.81
key_7,947.73
key_9,1878.95
key_10,2218.12
key_11,7.46
key_12,305.85
key_6,5.11
key_17,1260.26
key_11,8.64
key_11,9.32
key_7,950.26
key_8,308.12
key_2,297.07
key_11,10.98
key_9,1883.87
key_18,634.02
key_14,325.62
key_16,17.26
key_0,625.62
key_10,0.91
key_19,307.88
key_18,636.03
key_15,1575.69
key_19,308.21
key_3,321.54
key_9,1886.66
key_17,1266.55
key_1,10.99
key_12,3.68
key_1,11.62
key_1,11.62
key_6,13.37
key_1,12.34
key_16,21.57
key_8,315.25
key_10,3.57
key_7,958.68
key_13,5.07
key_17,1269.94
key_1,14.34
key_3,325.86
key_6,1.22
key_16,23.45
key_18,641.68
key_18,641.71
key_7,960.47
key_6,2.17
key_2,307.05
key_7,960.86
key_10,6.32
key_4,943.78
key_6,3.42
key_13,8.00
key_12,9.84
key_1,17.91
key_4,945.51
key_12,10.60
key_19,316.86
key_10,8.91
key_17,1275.19
key_10,10.96
key_10,307.60
key_14,1.05
key_16,1.29
key_8,619.99
key_16,1.33
key_17,1574.22
key_0,935.48
key_17,1574.31
key_15,1884.30
key_14,2.07
key_8,621.87
key_14,3.23
key_12,3.39
key_4,3.50
key_5,633.46
key_1,320.92
key_14,0.09
key_15,1886.62
key_0,938.87
key_6,308.35
key_9,2198.22
key_6,308.46
key_5,635.48
key_0,939.81
key_5,636.32
key_6,310.11
key_12,7.25
key_7,1269.53
key_19,8.04
key_12,8.28
key_1,325.72
key_3,636.69
key_11,330.34
key_6,312.75
key_4,10.13
key_5,639.71
key_10,317.77
key_14,7.09
key_3,639.52
key_8,630.75
key_9,5.28
key_6,315.45
key_5,642.23
key_13,320.51
key_13,321.06
key_0,947.14
key_1,330.82
key_0,947.73
key_6,317.57
key_15,1897.01
key_16,15.43
key_12,15.94
key_18,16.30
key_18,16.93
key_14,13.19
key_5,647.11
key_15,2205.25
key_14,5.49
key_7,5.49
key_18,5.42
key_9,0.03
key_11,644.05
key_0,1258.81
key_2,314.85
key_16,325.49
key_1,642.04
key_7,7.77
key_4,7.67
key_18,7.67
key_8,945.56
key_13,634.19
key_12,326.91
key_15,2208.99
key_13,634.22
key_18,9.96
key_6,10.23
key_16,327.95
key_2,317.32
key_15,2210.26
key_12,328.20
key_13,635.54
key_6,10.80
key_3,11.11
key_10,635.45
key_2,318.42
key_12,329.05
key_0,1262.49
key_10,635.54
key_1,646.06
key_0,1263.54
key_14,12.42
key_9,6.77
key_18,12.26
key_5,959.35
key_1,646.80
key_7,12.84
key_8,949.86
key_1,647.70
key_12,331.30
key_14,13.51
key_13,638.96
key_18,14.17
key_6,14.51
key_17,9.09
key_1,648.76
key_9,9.32
key_1,649.52
key_14,15.25
key_18,15.10
key_10,639.48
key_4,15.15
key_13,640.90
key_5,963.11
key_18,16.06
key_6,16.82
key_14,16.84
key_7,17.76
key_15,2217.74
key_10,642.05
key_9,12.41
key_12,336.34
key_11,656.89
key_15,2218.75
key_16,337.23
key_6,20.11
key_9,14.85
key_11,660.38
key_4,22.36
key_12,340.79
key_11,661.78
key_15,2223.78
key_13,649.42
key_18,24.58
key_4,25.04
key_7,25.57
key_1,660.33
key_2,333.63
key_12,344.65
key_13,652.48
key_7,27.70
key_12,346.04
key_2,335.88
key_2,622.45
key_7,316.33
key_8,1253.85
key_13,943.82
key_18,318.51
key_13,944.66
key_18,320.07
key_14,320.26
key_11,959.01
key_0,1572.35
key_11,959.65
key_7,321.27
key_10,5.98
key_13,947.29
key_9,9.15
key_1,956.81
key_7,322.84
key_8,1259.41
key_18,323.45
key_9,1.28
key_11,1.58
key_7,324.15
key_16,4.03
key_13,949.76
key_5,1271.94
key_8,1262.37
key_6,325.96
key_3,326.40
key_1,960.82
key_7,326.46
key_14,326.55
key_18,1.58
key_11,4.09
key_1,961.68
key_18,2.98
key_19,3.93
key_11,6.04
key_7,328.75
key_10,13.14
key_7,328.89
key_3,328.87
key_8,1266.41
key_15,2529.80
key_0,1581.17
key_5,1276.94
key_15,2530.09
key_8,1266.72
key_19,5.64
key_6,330.31
key_5,1277.10
key_17,15.79
key_14,331.51
key_9,8.75
key_10,15.84
key_13,956.69
key_8,1268.10
key_8,1268.83
key_16,12.14
key_10,16.64
key_11,9.85
key_18,7.64
key_3,333.03
key_2,640.56
key_19,8.81
key_0,1584.64
key_11,11.46
key_7,334.00
key_15,2533.98
key_13,959.57
key_1,969.33
key_10,19.32
key_12,653.10
key_11,13.12
key_10,20.06
key_13,960.92
key_7,335.86
key_16,2.71
key_6,336.34
key_14,336.27
key_1,970.90
key_9,13.83
key_19,12.42
key_10,21.36
key_7,337.01
key_19,12.77
key_1,971.72
key_13,962.89
key_13,962.96
key_19,13.90
key_9,15.80
key_6,338.71
key_3,344.62
key_4,344.59
key_15,2544.65
key_4,345.31
key_1,979.81
key_16,11.96
key_2,653.37
key_14,346.20
key_18,21.68
key_1,981.09
key_5,1294.20
key_19,23.26
key_16,16.02
key_5,1296.94
key_13,975.61
key_6,351.14
key_0,1602.72
key_14,352.05
key_0,1603.65
key_9,30.08
key_19,28.67
key_8,0.80
key_6,2.56
key_4,645.78
key_4,645.79
key_6,2.69
key_3,645.92
key_12,1.91
key_13,1272.67
key_3,647.48
key_2,954.83
key_4,647.50
key_18,322.72
key_10,3.85
key_19,324.47
key_12,4.98
key_7,649.04
key_16,5.08
key_15,2848.97
key_9,326.62
key_19,325.57
key_5,1597.10
key_1,1284.60
key_16,6.30
key_10,7.03
key_15,2850.84
key_18,1.43
key_6,8.23
key_7,651.49
key_0,1903.49
key_15,2852.23
key_3,652.22
key_8,8.34
key_3,652.22
key_13,1278.10
key_3,653.23
key_3,653.25
key_5,1600.22
key_1,1287.72
key_13,1279.12
key_19,329.49
key_14,4.72
key_4,654.66
key_15,2854.77
key_19,330.93
key_14,5.76
key_12,11.59
key_15,2856.26
key_14,6.66
key_15,2856.61
key_0,1908.69
key_16,13.51
key_11,335.66
key_9,335.47
key_0,1909.49
key_11,336.32
key_13,1284.00
key_0,1910.15
key_19,334.94
key_14,2.02
key_1,1293.91
key_16,16.19
key_2,967.40
key_6,16.92
key_8,16.65
key_19,336.62
key_0,1912.93
key_17,18.96
key_8,2.39
key_7,967.63
key_2,1274.89
key_18,317.95
key_10,323.93
key_14,2.84
key_0,2219.15
key_8,2.70
key_6,3.03
key_15,3169.37
key_8,4.23
key_1,1603.80
key_10,325.66
key_4,969.39
key_5,1916.44
key_17,4.46
key_11,648.12
key_8,5.48
key_0,2221.95
key_15,3170.67
key_17,5.64
key_0,2222.86
key_15,3171.59
key_10,327.81
key_4,971.64
key_3,6.82
key_12,7.27
key_6,7.39
key_13,5.77
key_9,7.57
key_18,323.04
key_6,7.79
key_19,648.85
key_4,973.83
key_0,2225.22
key_16,330.03
key_16,330.32
key_17,9.71
key_16,330.88
key_8,9.83
key_13,8.08
key_5,1922.01
key_7,975.78
key_0,2227.05
key_1,1610.20
key_3,10.85
key_13,8.92
key_9,11.37
key_0,2227.93
key_11,654.22
key_17,12.43
key_11,655.01
key_18,328.62
key_7,978.48
key_7,978.51
key_1,1612.90
key_6,14.07
key_12,14.07
key_7,979.70
key_12,14.56
key_11,659.12
key_8,16.78
key_18,332.51
key_19,657.98
key_15,3182.96
key_19,659.00
key_9,18.90
key_17,19.47
key_7,985.02
key_3,20.54
key_3,21.11
key_6,21.45
key_3,22.05
key_3,22.56
key_14,23.00
key_5,2.69
key_16,640.42
key_15,3484.39
key_10,640.61
key_3,320.69
key_1,1920.09
key_8,320.67
key_14,0.34
key_5,5.81
key_17,322.40
key_17,322.38
key_10,643.76
key_18,638.27
key_6,322.57
key_19,963.60
key_3,323.55
key_11,966.07
key_14,3.27
key_5,7.67
key_7,3.64
key_10,645.52
key_9,324.55
key_18,639.98
key_4,3.77
key_14,4.23
key_10,646.72
key_13,9.31
key_4,4.93
key_3,326.02
key_7,5.62
key_18,641.84
key_9,326.77
key_15,3492.30
key_19,968.06
key_19,968.09
key_10,648.82
key_15,3492.66
key_14,0.07
key_4,6.95
key_0,2545.38
key_8,328.98
key_18,644.38
key_9,328.98
key_2,12.46
key_19,969.70
key_9,329.10
key_7,9.49
key_19,970.78
key_5,13.71
key_16,651.41
key_19,971.52
key_10,652.24
key_11,974.07
key_9,331.92
key_8,333.11
key_15,3498.25
key_2,16.62
key_18,649.17
key_3,334.02
key_12,333.96
key_19,974.91
key_18,649.72
key_4,13.63
key_3,335.07
key_4,14.20
key_10,656.70
key_2,325.11
key_17,3.02
key_18,957.75
key_0,2.18
key_6,642.70
key_9,642.65
key_1,2243.31
key_10,965.46
key_2,327.63
key_18,959.62
key_9,645.17
key_19,1.84
key_0,4.90
key_18,960.64
key_16,5.26
key_14,318.08
key_5,6.35
key_15,3.39
key_13,330.23
key_2,330.08
key_15,3.44
key_5,7.60
key_2,331.35
key_19,4.60
key_11,1290.66
key_3,648.21
key_11,1291.34
key_2,332.08
key_1,2248.25
key_12,9.42
key_13,332.29
key_3,649.74
key_10,970.86
key_6,649.69
key_14,322.09
key_7,6.23
key_1,2249.59
key_18,965.92
key_12,11.33
key_17,11.35
key_15,8.21
key_14,324.06
key_10,973.88
key_12,13.24
key_5,12.25
key_15,10.14
key_3,653.63
key_18,968.81
key_17,15.10
key_14,634.20
key_19,3.06
key_11,1604.44
key_0,321.45
key_15,318.56
key_1,3.15
key_15,318.61
key_7,5.38
key_16,323.62
key_7,5.49
key_19,5.23
key_15,320.71
key_10,1285.33
key_13,647.54
key_11,1606.66
key_2,6.50
key_1,6.31
key_2,6.54
key_1,6.39
key_14,637.66
key_6,3.28
key_14,638.35
key_19,7.13
key_5,325.72
key_13,649.81
key_7,8.07
key_15,323.28
key_4,646.43
key_10,1288.61
key_16,326.98
key_17,8.84
key_1,8.60
key_6,6.03
key_5,327.62
key_1,9.50
key_18,1284.56
key_19,10.48
key_8,10.75
key_3,969.52
key_2,10.72
key_19,11.72
key_3,970.70
key_15,327.28
key_0,331.12
key_0,331.12
key_7,13.61
key_0,331.78
key_4,651.32
key_14,644.63
key_5,332.59
key_3,973.14
key_5,332.65
key_13,656.53
key_6,11.78
key_19,14.97
key_17,15.21
key_15,331.05
key_1,15.59
key_17,15.84
key_12,335.04
key_13,658.46
key_6,13.03
key_8,16.51
key_16,334.85
key_4,654.86
key_10,1297.02
key_16,335.62
key_1,17.25
key_4,655.63
key_2,18.00
key_14,649.15
key_12,337.57
key_18,1292.69
key_19,18.60
key_14,649.84
key_18,1292.99
key_3,978.24
key_10,1299.44
key_19,19.52
key_2,19.98
key_6,16.68
key_3,979.36
key_10,1300.48
key_2,21.24
key_7,21.68
key_15,337.06
key_15,337.37
key_8,22.53
key_3,981.30
key_2,22.92
key_4,660.78
key_12,342.67
key_1,23.33
key_8,24.07
key_4,662.19
key_0,343.11
key_7,25.38
key_6,22.45
key_19,26.10
key_6,23.36
key_13,669.19
key_11,1915.06
key_4,951.63
key_4,953.50
key_6,312.44
key_12,1.18
key_8,317.49
key_5,1.52
key_6,1.36
key_15,632.78
key_0,635.83
key_0,636.67
key_8,318.70
key_5,2.71
key_19,6.40
key_19,6.47
key_17,319.69
key_6,3.52
key_2,319.64
key_3,1278.48
key_4,958.51
key_5,4.87
key_0,639.07
key_16,639.09
key_0,639.12
key_11,1922.98
key_8,321.90
key_13,963.93
key_3,1280.59
key_6,5.70
key_10,6.69
key_10,6.78
key_11,1924.01
key_5,6.87
key_13,964.95
key_4,961.31
key_5,7.65
key_5,7.71
key_4,961.40
key_17,323.77
key_16,642.66
key_6,8.32
key_15,639.81
key_14,956.22
key_9,1284.13
key_0,643.81
key_18,1599.55
key_7,326.48
key_12,10.17
key_16,644.69
key_13,968.48
key_10,11.43
key_19,15.16
key_11,1928.74
key_8,0.05
key_2,3.53
key_4,966.44
key_3,1287.53
key_8,1.26
key_16,647.05
key_16,647.80
key_16,647.83
key_8,2.15
key_18,1603.60
key_18,1603.60
key_10,13.70
key_0,648.21
key_1,329.91
key_1,330.43
key_3,1289.49
key_16,649.00
key_6,14.69
key_1,330.63
key_2,5.73
key_16,649.33
key_17,331.67
key_10,15.63
key_9,1290.19
key_18,1605.57
key_8,4.48
key_7,332.41
key_18,1606.30
key_0,651.48
key_9,1291.82
key_4,971.07
key_16,651.58
key_8,6.09
key_17,334.23
key_12,17.98
key_10,18.27
key_6,18.14
key_9,1293.38
key_5,18.86
key_8,7.54
key_8,7.57
key_4,972.97
key_11,1936.78
key_12,19.41
key_18,1609.77
key_3,1294.62
key_11,1937.36
key_0,654.69
key_14,11.36
key_14,11.36
key_13,3.97
key_8,9.67
key_19,24.95
key_16,655.46
key_8,9.88
key_13,4.94
key_5,21.80
key_8,10.29
key_18,1612.36
key_7,338.57
key_3,1297.25
key_16,657.14
key_13,6.12
key_15,654.22
key_16,657.69
key_5,23.52
key_13,6.73
key_17,340.05
key_19,27.75
key_11,1941.28
key_12,24.29
key_17,340.60
key_2,15.78
key_9,1299.90
key_19,29.53
key_2,17.18
key_4,980.31
key_2,17.64
key_3,1301.73
key_14,18.11
key_9,1302.01
key_13,10.81
key_5,27.88
key_1,343.83
key_13,11.52
key_19,32.44
key_2,19.97
key_7,345.60
key_4,983.64
key_14,21.17
key_15,662.01
key_19,34.85
key_19,35.25
key_10,31.91
key_13,16.62
key_13,17.04
key_2,25.14
key_6,34.53
key_1,350.93
key_3,1310.28
key_14,26.78
key_11,1953.48
key_12,36.45
key_5,37.05
key_2,28.23
key_13,20.94
key_8,26.68
key_7,354.65
key_5,38.95
key_3,1314.07
key_9,1595.02
key_18,1911.44
key_3,1596.32
key_10,321.59
key_1,5.59
key_17,638.64
key_14,313.49
key_14,314.47
key_17,639.72
key_7,3.27
key_5,4.16
key_2,315.49
key_0,958.88
key_7,4.27
key_19,328.90
key_12,325.30
key_0,959.80
key_18,2.88
key_1,9.15
key_4,1280.19
key_0,960.70
key_9,1601.09
key_0,960.98
key_18,4.58
key_10,327.29
key_10,327.36
key_1,10.61
key_0,962.10
key_16,2.47
key_13,311.49
key_16,2.92
key_18,6.06
key_7,8.48
key_14,320.50
key_2,320.57
key_17,645.76
key_16,0.68
key_0,964.68
key_0,964.69
key_10,330.47
key_19,334.88
key_12,331.00
key_18,8.99
key_17,647.92
key_2,323.33
key_4,1297.09
key_6,22.30
key_12,344.18
key_11,2262.14
key_9,1620.08
key_3,1620.80
key_5,295.67
key_10,632.24
key_11,2550.79
key_1,316.64
key_4,1587.37
key_10,635.52
key_2,626.49
key_19,639.36
key_6,315.17
key_19,640.57
key_1,1.31
key_17,9.40
key_6,315.64
key_11,2555.13
key_5,304.07
key_18,296.14
key_19,642.60
key_7,319.34
key_10,640.60
key_7,320.23
key_11,2557.88
key_11,2558.25
key_19,644.81
key_1,2.16
key_11,2559.01
key_5,307.93
key_1,2.50
key_12,642.35
key_19,646.31
key_4,1596.32
key_7,322.78
key_15,1274.49
key_3,1918.53
key_4,1597.53
key_6,322.88
key_17,16.92
key_17,17.46
key_19,648.80
key_12,645.50
key_7,325.35
key_3,1921.12
key_6,324.76
key_10,646.94
key_9,14.74
key_10,647.51
key_7,327.65
key_10,648.12
key_4,1602.77
key_12,649.29
key_12,649.80
key_16,0.50
key_15,1283.91
key_12,652.87
key_8,642.01
key_4,1607.70
key_15,1285.70
key_15,1286.15
key_2,646.24
key_5,321.91
key_19,660.02
key_5,322.79
key_1,306.44
key_17,318.33
key_16,294.21
key_4,1901.03
key_3,2222.14
key_15,1578.81
key_5,4.27
key_7,627.79
key_1,308.82
key_17,1.23
key_13,312.44
key_14,2.01
key_8,937.74
key_5,5.78
key_19,3.31
key_7,628.96
key_9,317.17
key_8,938.31
key_19,4.21
key_5,6.71
key_13,314.14
key_18,6.76
key_7,630.87
key_19,5.26
key_1,311.91
key_18,7.83
key_5,8.75
key_5,8.90
key_2,8.93
key_1,313.88
key_16,301.60
key_3,2228.09
key_5,9.86
key_5,10.52
key_5,10.59
key_12,10.78
key_18,11.56
key_19,9.21
key_2,11.93
key_5,12.26
key_4,1909.79
key_16,304.37
key_2,12.83
key_5,13.20
key_8,945.28
key_6,635.30
key_10,957.58
key_19,11.59
key_10,957.61
key_17,11.36
key_1,319.01
key_16,306.72
key_17,12.10
key_2,15.63
key_8,947.66
key_19,13.72
key_13,323.67
key_12,16.89
key_0,1594.74
key_6,639.36
key_13,325.46
key_10,965.71
key_12,23.13
key_17,20.34
key_1,328.68
key_15,1600.19
key_2,26.82
key_11,11.47
key_11,301.66
key_6,3.46
key_2,317.98
key_2,317.98
key_5,318.07
key_15,1892.70
key_7,311.16
key_7,311.26
key_4,2216.63
key_18,319.42
key_1,5.06
key_0,1897.24
key_4,2217.49
key_4,2218.29
key_14,5.13
key_10,1264.69
key_13,6.76
key_1,7.37
key_12,322.89
key_14,7.02
key_7,314.94
key_18,323.16
key_13,8.76
key_18,323.22
key_19,321.76
key_6,1.17
key_13,9.89
key_1,9.98
key_2,324.34
key_16,616.23
key_1,10.03
key_9,313.97
key_12,325.29
key_0,3.50
key_10,1268.90
key_17,322.34
key_18,325.98
key_5,4.74
key_13,12.22
key_1,12.29
key_5,4.93
key_8,10.91
key_16,618.68
key_19,324.34
key_11,311.52
key_12,327.81
key_14,11.89
key_3,2546.19
key_2,327.91
key_10,1272.52
key_0,7.18
key_15,1904.74
key_16,621.83
key_19,327.54
key_12,330.03
key_4,2227.96
key_10,1274.23
key_11,314.46
key_12,331.30
key_4,2228.68
key_4,2228.73
key_14,15.48
key_14,16.09
key_4,2229.34
key_9,321.02
key_17,328.79
key_3,0.97
key_11,316.40
key_0,11.16
key_19,330.54
key_3,1.71
key_10,1276.62
key_12,333.72
key_10,1277.36
key_9,322.58
key_2,333.89
key_6,10.77
key_8,18.59
key_4,2231.75
key_15,1909.29
key_17,331.06
key_14,18.65
key_15,1910.03
key_5,13.45
key_18,335.33
key_9,324.09
key_2,335.34
key_6,12.76
key_9,324.68
key_13,21.52
key_0,14.18
key_7,328.50
key_2,336.61
key_7,328.57
key_7,328.59
key_14,21.14
key_15,1911.97
key_3,5.83
key_4,2234.66
key_16,629.73
key_12,337.88
key_3,6.59
key_5,16.63
key_13,24.09
key_4,2235.79
key_17,335.04
key_11,322.92
key_11,322.93
key_5,17.33
key_10,1283.31
key_2,339.80
key_10,1283.33
key_0,17.98
key_0,18.59
key_16,632.26
key_11,324.25
key_13,26.62
key_18,341.09
key_12,341.06
key_0,19.76
key_4,2238.89
key_16,633.48
key_7,333.92
key_3,10.69
key_9,330.82
key_10,1286.04
key_8,26.64
key_13,28.08
key_11,326.68
key_0,21.12
key_18,343.04
key_16,635.27
key_4,2240.71
key_13,29.04
key_16,635.97
key_3,12.78
key_13,30.19
key_3,13.52
key_5,23.04
key_16,637.10
key_8,29.39
key_8,29.47
key_2,345.69
key_9,334.51
key_11,329.53
key_17,342.69
key_5,24.37
key_16,638.05
key_10,1290.21
key_13,32.27
key_12,346.69
key_8,31.35
key_18,347.26
key_2,347.25
key_9,336.48
key_3,16.44
key_15,1923.02
key_14,32.23
key_6,25.12
key_1,34.36
key_15,1923.62
key_0,27.01
key_18,349.18
key_10,1292.74
key_2,349.36
key_13,35.25
key_18,349.78
key_18,349.97
key_4,2247.43
key_19,347.70
key_1,35.99
key_15,1925.45
key_19,348.18
key_12,350.79
key_19,348.60
key_14,35.11
key_15,1926.38
key_2,351.58
key_8,35.72
key_3,20.70
key_2,354.34
key_13,40.30
key_5,33.25
key_10,1298.99
key_16,647.71
key_9,345.06
key_17,353.21
key_9,345.84
key_10,1300.95
key_10,1301.29
key_14,42.11
key_17,354.99
key_13,44.40
key_18,359.20
key_19,357.05
key_1,45.55
key_16,652.14
key_19,358.20
key_7,634.57
key_15,2.85
key_15,2.90
key_13,329.36
key_14,327.87
key_8,328.00
key_18,3.78
key_9,633.26
key_6,321.86
key_13,330.60
key_7,636.98
key_3,2.74
key_14,329.53
key_9,635.08
key_12,6.53
key_14,330.40
key_14,330.76
key_0,325.62
key_5,325.59
key_16,939.37
key_6,324.30
key_1,333.71
key_4,2545.35
key_7,640.33
key_19,645.95
key_6,325.95
key_6,325.98
key_10,9.32
key_17,645.85
key_1,335.60
key_5,328.23
key_14,334.14
key_19,648.51
key_6,328.61
key_5,329.93
key_0,330.22
key_12,12.37
key_15,12.85
key_3,10.40
key_8,337.48
key_2,653.39
key_8,337.55
key_9,643.06
key_4,2551.58
key_8,338.44
key_18,9.57
key_1,340.78
key_15,15.34
key_7,647.62
key_13,341.32
key_6,332.93
key_19,653.72
key_12,16.74
key_16,948.41
key_15,16.90
key_14,340.82
key_4,2554.08
key_11,641.16
key_6,334.31
key_16,949.29
key_18,12.34
key_13,343.05
key_1,343.95
key_16,950.30
key_9,647.24
key_18,13.38
key_18,14.05
key_19,656.72
key_14,343.26
key_4,2556.69
key_15,19.60
key_17,656.26
key_8,344.10
key_15,20.16
key_6,336.91
key_5,4.28
key_9,649.15
key_10,20.88
key_17,657.27
key_19,658.74
key_16,953.07
key_14,345.34
key_0,5.59
key_2,661.96
key_0,6.06
key_0,6.38
key_16,954.25
key_11,646.17
key_7,654.68
key_15,22.96
key_1,348.62
key_9,651.99
key_9,652.27
key_7,655.44
key_12,24.29
key_6,341.35
key_7,656.73
key_6,342.11
key_18,20.33
key_4,2563.02
key_14,350.05
key_1,352.21
key_3,23.93
key_3,24.25
key_18,21.95
key_19,664.91
key_1,353.18
key_0,11.91
key_2,667.97
key_12,28.61
key_10,28.59
key_3,26.21
key_13,354.54
key_6,3.26
key_3,26.64
key_7,661.84
key_12,30.16
key_10,30.54
key_16,962.74
key_10,320.58
key_5,304.40
key_16,1252.32
key_19,958.90
key_13,646.96
key_15,321.56
key_18,317.27
key_6,296.28
key_4,3.55
key_14,647.25
key_10,323.85
key_2,976.08
key_9,964.90
key_13,664.88
key_10,3.31
key_6,3.32
key_8,20.71
key_12,339.77
key_2,0.69
key_10,3.42
key_9,970.47
key_1,667.39
key_13,667.35
key_9,970.60
key_4,22.99
key_10,5.65
key_12,342.03
key_7,23.00
key_14,7.71
key_16,1275.80
key_3,341.31
key_2,5.16
key_10,7.89
key_18,339.39
key_2,6.25
key_6,9.88
key_2,7.18
key_6,10.04
key_7,35.36
key_7,35.42
key_19,991.86
key_11,978.15
key_19,991.92
key_5,338.35
key_17,20.47
key_13,682.03
key_4,37.63
key_12,356.68
key_9,985.31
key_5,340.51
key_10,22.00
key_16,1290.08
key_2,19.52
key_16,1290.34
key_14,22.94
key_3,356.90
key_9,988.44
key_6,23.50
key_19,997.55
key_19,997.58
key_9,988.81
key_4,42.66
key_7,42.70
key_19,999.09
key_12,361.79
key_13,691.79
key_5,350.16
key_14,30.13
key_16,1298.05
key_11,990.17
key_12,367.79
key_2,28.77
key_1,693.41
key_1,693.47
key_4,49.02
key_10,32.87
key_11,992.85
key_1,694.74
key_12,369.31
key_5,353.11
key_13,695.97
key_5,354.43
key_12,370.75
key_3,368.76
key_11,995.36
key_7,52.73
key_3,370.12
key_8,55.01
key_3,371.80
key_17,39.27
key_13,700.85
key_13,701.38
key_5,360.24
key_4,57.92
key_7,58.37
key_6,41.73
key_4,59.56
key_7,60.08
key_4,60.61
key_0,364.05
key_11,1004.73
key_9,1010.20
key_17,1.39
key_14,300.85
key_8,318.72
key_15,302.32
key_1,964.65
key_15,316.31
key_19,1290.40
key_12,653.63
key_16,2.54
key_4,336.36
key_10,319.91
key_3,654.03
key_7,338.46
key_16,6.28
key_9,1287.35
key_17,24.48
key_13,985.50
key_1,986.23
key_3,658.63
key_3,659.27
key_18,19.82
key_18,20.49
key_13,989.66
key_7,348.47
key_13,993.80
key_16,17.41
key_8,350.71
key_0,654.34
key_11,0.68
key_19,1308.57
key_1,997.49
key_15,336.48
key_2,334.45
key_14,338.11
key_17,40.35
key_8,357.96
key_4,359.04
key_18,35.18
key_19,1316.59
key_16,27.44
key_14,345.48
key_5,665.63
key_1,1008.44
key_9,7.10
key_13,1009.36
key_17,49.45
key_13,1012.89
key_11,18.14
key_13,1015.19
key_14,356.21
key_2,605.09
key_14,608.32
key_17,310.19
key_9,269.06
key_6,609.52
key_14,609.98
key_1,1272.12
key_8,3.54
key_8,3.90
key_16,296.05
key_12,949.42
key_19,1587.12
key_11,279.74
key_15,614.36
key_14,614.50
key_1,1276.64
key_7,632.52
key_6,615.60
key_0,273.71
key_10,616.73
key_0,274.86
key_18,271.68
key_6,617.82
key_10,618.09
key_10,618.40
key_15,618.96
key_17,320.52
key_7,636.72
key_0,277.50
key_17,321.53
key_4,657.62
key_4,658.13
key_12,977.72
key_12,978.27
key_7,659.60
key_5,292.47
key_16,327.63
key_9,3.67
key_2,641.08
key_17,345.49
key_1,3.44
key_19,1618.32
key_14,644.91
key_14,645.16
key_9,5.60
key_9,5.96
key_11,312.05
key_13,1308.09
key_7,664.02
key_15,647.14
key_8,39.96
key_19,1621.26
key_15,648.09
key_13,1309.62
key_6,647.93
key_12,984.58
key_7,665.57
key_11,314.63
key_17,350.14
key_2,1.41
key_19,1622.74
key_19,1623.03
key_4,667.23
key_15,650.14
key_19,1624.51
key_13,1312.70
key_3,38.44
key_6,651.29
key_1,10.75
key_13,1313.70
key_15,652.39
key_10,652.28
key_6,652.73
key_5,302.44
key_2,5.43
key_4,670.36
key_6,653.54
key_5,310.94
key_15,661.97
key_13,1323.86
key_7,10.38
key_15,944.94
key_3,332.68
key_8,29.48
key_4,285.88
key_8,30.89
key_8,31.48
key_3,335.86
key_18,603.56
key_13,1617.02
key_16,641.80
key_4,1.27
key_19,305.62
key_17,3.06
key_1,14.72
key_11,624.77
key_14,309.51
key_3,346.94
key_16,644.26
key_14,310.46
key_1,15.88
key_1,16.72
key_8,44.24
key_7,308.81
key_3,348.13
key_5,611.17
key_13,1623.36
key_3,349.58
key_0,6.40
key_0,6.74
key_1,19.90
key_17,11.79
key_17,11.79
key_4,11.32
key_17,13.12
key_15,970.19
key_1,26.52
key_2,323.17
key_0,15.32
key_16,655.95
key_5,621.65
key_17,17.61
key_2,324.77
key_18,626.98
key_4,17.06
key_0,17.70
key_0,273.56
key_12,1566.73
key_6,1.29
key_5,914.29
key_18,36.73
key_8,349.22
key_0,309.86
key_5,915.53
key_13,37.39
key_2,619.25
key_15,1268.00
key_13,38.38
key_13,39.19
key_17,314.37
key_18,41.27
key_3,656.69
key_16,954.53
key_3,657.25
key_15,1270.29
key_4,314.57
key_14,621.32
key_17,316.40
key_7,7.55
key_11,937.29
key_8,354.82
key_8,354.82
key_10,8.43
key_0,316.21
key_4,316.14
key_15,1272.44
key_15,1272.68
key_7,9.77
key_8,356.42
key_16,957.55
key_14,623.69
key_19,621.81
key_19,621.87
key_14,624.51
key_2,626.27
key_19,622.71
key_0,318.55
key_12,1611.12
key_4,318.89
key_8,359.05
key_19,623.86
key_13,6.50
key_10,12.70
key_6,12.83
key_17,322.07
key_16,960.98
key_15,1276.82
key_17,322.31
key_15,1277.23
key_8,360.83
key_16,962.01
key_7,2.56
key_16,962.43
key_0,322.40
key_9,0.57
key_13,9.27
key_0,322.75
key_6,16.00
key_12,1615.63
key_2,631.76
key_18,51.53
key_17,325.89
key_8,363.68
key_12,1616.61
key_11,946.20
key_16,964.90
key_15,1281.40
key_0,325.26
key_0,325.30
key_16,965.86
key_7,7.10
key_2,634.52
key_18,54.27
key_10,18.89
key_15,1282.93
key_1,14.62
key_2,635.18
key_9,5.36
key_13,14.07
key_2,635.90
key_15,1283.84
key_9,6.12
key_5,9.01
key_13,14.93
key_8,368.12
key_11,950.65
key_4,328.63
key_17,330.97
key_17,331.02
key_11,951.63
key_1,17.76
key_15,1286.22
key_9,8.53
key_17,332.15
key_6,23.29
key_12,1623.21
key_3,674.48
key_13,18.11
key_1,19.11
key_10,24.62
key_11,954.50
key_5,14.07
key_19,637.32
key_5,14.14
key_1,21.39
key_7,14.76
key_11,956.14
key_9,12.42
key_9,12.90
key_3,677.98
key_17,336.89
key_6,28.48
key_2,644.56
key_4,336.50
key_3,680.20
key_13,24.24
key_0,337.84
key_17,339.86
key_13,25.46
key_16,979.54
key_2,647.73
key_19,644.02
key_9,18.41
key_13,27.52
key_14,647.68
key_4,341.42
key_17,343.52
key_0,342.32
key_13,29.63
key_16,983.72
key_17,345.26
key_8,383.41
key_5,25.37
key_17,589.53
key_9,266.04
key_9,266.99
key_12,1881.16
key_13,276.39
key_0,589.59
key_1,278.26
key_1,278.88
key_11,1213.74
key_4,592.35
key_12,1885.46
key_7,274.70
key_4,594.17
key_6,287.53
key_14,901.89
key_13,282.64
key_19,9.48
key_13,2.00
key_7,309.08
key_11,1250.06
key_7,309.90
key_16,1269.45
key_7,310.42
key_4,629.44
key_0,2.97
key_2,939.16
key_13,6.13
key_3,975.30
key_7,313.63
key_9,311.08
key_6,325.90
key_16,1274.06
key_1,321.77
key_5,315.19
key_9,312.60
key_17,2.76
key_1,325.87
key_0,10.87
key_6,331.51
key_17,1.72
key_13,13.87
key_14,946.31
key_5,320.83
key_17,2.60
key_3,984.02
key_1,328.60
key_6,334.11
key_18,4.77
key_7,323.04
key_4,642.66
key_14,949.36
key_14,949.88
key_16,1284.35
key_12,1936.61
key_17,7.50
key_12,1937.56
key_4,645.64
key_0,18.99
key_8,686.25
key_17,13.24
key_2,959.33
key_9,582.90
key_11,1.25
key_17,268.34
key_14,1212.22
key_7,587.38
key_3,1249.63
key_10,257.25
key_4,907.14
key_2,1216.28
key_19,321.00
key_13,283.19
key_13,283.80
key_2,1217.49
key_5,590.70
key_7,590.80
key_0,283.10
key_3,1253.67
key_12,2203.22
key_8,7.41
key_15,291.84
key_16,1552.21
key_3,1255.20
key_9,590.55
key_18,275.24
key_15,293.47
key_3,1256.33
key_1,601.52
key_7,594.75
key_12,2206.66
key_16,1554.86
key_5,595.89
key_2,1223.29
key_15,295.93
key_3,1258.74
key_2,1224.49
key_15,296.61
key_10,266.88
key_0,289.64
key_1,605.33
key_7,598.51
key_13,292.80
key_10,278.43
key_2,1237.32
key_11,26.07
key_11,31.14
key_9,613.44
key_2,1244.22
key_15,316.83
key_6,629.62
key_9,615.57
key_0,310.77
key_3,1281.80
key_14,1245.71
key_19,352.93
key_14,1246.94
key_13,315.77
key_7,622.59
key_9,0.73
key_4,941.68
key_3,1285.26
key_16,1582.79
key_19,355.70
key_1,630.63
key_18,9.17
key_3,1286.56
key_18,9.40
key_5,16.27
key_17,306.83
key_13,318.83
key_18,11.32
key_8,41.55
key_15,326.43
key_10,296.31
key_12,2238.88
key_1,634.65
key_1,635.08
key_7,2.11
key_6,640.63
key_13,322.67
key_19,361.05
key_13,323.13
key_16,1.19
key_2,1256.83
key_4,948.76
key_14,8.09
key_8,45.62
key_8,45.92
key_8,46.26
key_10,299.86
key_1,637.87
key_0,323.13
key_3,1293.87
key_7,5.48
key_2,1259.38
key_16,4.08
key_16,4.08
key_9,10.60
key_9,10.91
key_1,639.76
key_5,24.32
key_1,639.99
key_13,327.35
key_9,11.59
key_5,24.82
key_13,327.58
key_13,327.88
key_19,366.25
key_12,2246.04
key_15,334.23
key_4,955.66
key_3,1299.07
key_16,8.63
key_1,643.94
key_5,28.55
key_3,1300.01
key_9,15.81
key_18,23.21
key_10,307.28
key_2,1266.07
key_14,16.69
key_4,958.07
key_2,1266.58
key_4,958.49
key_13,333.42
key_5,31.25
key_8,56.01
key_0,8.56
key_0,280.92
key_0,281.80
key_2,1542.29
key_12,2526.99
key_14,294.23
key_7,290.99
key_11,282.05
key_14,296.68
key_6,931.42
key_2,1547.78
key_11,285.07
key_1,928.54
key_15,621.82
key_17,604.68
key_4,19.82
key_2,1559.72
key_9,310.90
key_17,2.42
key_19,666.14
key_2,1562.09
key_5,326.50
key_11,4.81
key_12,2547.72
key_9,314.91
key_19,669.64
key_5,329.36
key_10,26.82
key_3,1601.89
key_7,0.04
key_11,9.82
key_5,332.32
key_7,1.19
key_11,10.74
key_1,948.66
key_17,11.82
key_17,12.16
key_15,642.73
key_15,643.63
key_6,955.89
key_11,13.71
key_15,644.71
key_0,313.36
key_19,678.02
key_8,361.60
key_17,0.88
key_13,640.19
key_12,2558.02
key_12,2558.04
key_2,1574.12
key_8,362.56
key_16,318.96
key_4,35.27
key_0,315.06
key_10,7.95
key_14,29.07
key_2,1575.44
key_18,3.04
key_1,955.74
key_12,2560.27
key_0,316.67
key_13,643.33
key_8,365.38
key_13,643.67
key_19,682.65
key_8,366.08
key_2,1577.97
key_4,39.27
key_9,10.52
key_19,683.47
key_0,319.50
key_3,1614.15
key_12,2563.45
key_9,11.53
key_3,1614.63
key_17,7.67
key_15,652.43
key_10,12.84
key_1,960.30
key_14,34.54
key_13,647.31
key_16,325.65
key_6,965.69
key_6,965.80
key_9,13.53
key_6,966.14
key_2,1581.84
key_2,1582.32
key_1,961.82
key_1,961.83
key_11,24.34
key_6,967.15
key_13,649.40
key_3,1618.23
key_19,688.11
key_5,347.45
key_4,44.58
key_18,11.61
key_4,45.03
key_13,650.99
key_14,38.48
key_3,1620.03
key_17,12.66
key_19,690.27
key_19,690.50
key_13,652.60
key_10,18.73
key_0,326.99
key_11,28.27
key_7,19.34
key_16,331.94
key_18,17.81
key_14,44.41
key_7,23.34
key_3,1626.44
key_14,45.65
key_11,34.02
key_7,287.35
key_0,595.98
key_7,288.81
key_18,284.15
key_3,1892.35
key_17,3.55
key_14,311.79
key_17,4.22
key_11,300.45
key_2,1858.90
key_9,293.96
key_8,651.16
key_2,1863.99
key_16,608.68
key_3,1899.43
key_18,292.62
key_14,319.32
key_18,293.73
key_4,21.88
key_1,1256.66
key_0,618.04
key_13,944.19
key_3,1913.28
key_6,14.85
key_2,1879.00
key_7,311.22
key_10,312.18
key_12,2863.66
key_13,946.78
key_3,1915.27
key_14,334.73
key_14,334.78
key_16,626.21
key_10,314.45
key_9,314.31
key_18,6.66
key_13,950.08
key_11,325.84
key_17,8.30
key_11,326.85
key_5,652.90
key_5,653.45
key_10,322.88
key_14,350.68
key_15,969.69
key_13,964.50
key_8,686.69
key_0,639.32
key_13,1237.61
key_12,282.84
key_5,936.19
key_16,275.90
key_6,309.28
key_16,277.56
key_8,962.49
key_4,320.03
key_10,6.09
key_17,299.62
key_16,279.90
key_11,618.49
key_1,7.79
key_17,300.98
key_6,314.08
key_10,9.16
key_4,323.11
key_6,315.47
key_4,324.40
key_14,633.89
key_15,11.58
key_9,613.15
key_18,10.05
key_12,293.92
key_2,2182.99
key_11,625.07
key_14,637.74
key_14,638.25
key_1,15.94
key_18,13.83
key_15,17.04
key_16,290.45
key_11,628.97
key_18,16.07
key_2,2188.57
key_2,2188.83
key_5,1.05
key_3,2224.23
key_15,20.80
key_16,293.60
key_18,18.26
key_1,21.28
key_9,622.48
key_12,302.74
key_18,19.92
key_2,2192.89
key_6,329.91
key_3,2228.91
key_7,626.76
key_14,648.52
key_18,23.29
key_8,6.79
key_11,1.38
key_6,332.63
key_7,628.50
key_2,1.25
key_14,650.45
key_19,306.19
key_13,1263.78
key_0,938.25
key_14,651.60
key_18,26.58
key_6,335.39
key_19,308.20
key_0,939.71
key_7,632.15
key_5,10.40
key_2,4.91
key_12,312.00
key_10,31.75
key_16,304.52
key_0,941.77
key_10,32.66
key_17,325.82
key_17,326.20
key_14,656.76
key_17,327.12
key_2,8.22
key_3,2520.44
key_15,2.77
key_5,297.65
key_13,1554.24
key_17,612.02
key_17,612.75
key_13,1556.33
key_1,6.95
key_8,302.56
key_1,8.11
key_15,8.66
key_5,303.37
key_9,925.34
key_3,2529.16
key_17,0.57
key_10,326.14
key_8,307.33
key_7,928.25
key_8,307.39
key_5,306.95
key_3,2531.49
key_5,307.10
key_13,1563.61
key_13,1563.61
key_13,1563.62
key_16,601.52
key_0,1238.31
key_15,14.38
key_12,610.15
key_3,2533.53
key_13,1565.10
key_8,310.56
key_16,602.97
key_3,2534.37
key_13,1566.31
key_18,16.53
key_7,932.37
key_19,5.28
key_4,645.34
key_5,311.16
key_12,613.21
key_17,7.05
key_7,933.91
key_16,605.25
key_12,613.93
key_9,934.19
key_10,333.17
key_17,7.79
key_7,935.17
key_19,7.82
key_15,19.56
key_3,2538.48
key_19,8.33
key_10,334.50
key_19,8.91
key_16,607.83
key_19,8.95
key_6,10.31
key_4,649.71
key_9,936.81
key_13,1572.00
key_6,10.99
key_10,337.41
key_5,317.13
key_12,619.02
key_19,12.17
key_13,1573.94
key_11,313.57
key_10,338.81
key_16,611.83
key_0,1248.72
key_4,1.86
key_12,620.67
key_7,941.33
key_11,314.88
key_1,25.84
key_7,942.35
key_14,9.21
key_9,2.93
key_14,9.74
key_5,321.15
key_1,27.50
key_6,16.94
key_1,29.38
key_9,6.12
key_3,2548.97
key_3,2549.39
key_4,8.31
key_6,20.81
key_8,327.19
key_8,327.67
key_17,309.70
key_9,297.06
key_7,1236.59
key_15,297.79
key_11,610.96
key_0,1546.46
key_9,298.88
key_4,300.28
key_13,5.30
key_2,612.21
key_17,313.34
key_6,6.55
key_3,2843.70
key_10,640.00
key_1,326.04
key_15,302.53
key_16,913.83
key_15,303.01
key_0,1550.90
key_8,622.26
key_4,304.47
key_11,616.89
key_8,622.65
key_15,304.14
key_7,1243.96
key_11,617.98
key_9,305.05
key_14,311.87
key_17,319.41
key_15,307.21
key_7,1247.57
key_10,646.16
key_18,0.95
key_18,0.97
key_14,0.99
key_17,321.59
key_4,309.58
key_15,308.77
key_13,14.34
key_7,1248.60
key_4,310.39
key_14,2.62
key_6,15.20
key_13,15.23
key_8,3.06
key_0,1558.09
key_16,921.34
key_10,649.30
key_8,3.85
key_8,3.85
key_17,324.51
key_17,324.51
key_5,629.58
key_1,336.06
key_14,5.19
key_14,5.20
key_11,626.08
key_10,651.31
key_12,5.93
key_3,2855.91
key_12,6.41
key_5,631.79
key_15,314.26
key_18,7.31
key_2,2.00
key_10,652.98
key_2,2.46
key_13,21.08
key_9,315.76
key_4,316.47
key_4,316.84
key_19,14.11
key_15,316.18
key_15,316.76
key_6,22.34
key_12,9.60
key_9,317.59
key_17,330.28
key_8,10.69
key_9,318.57
key_9,319.02
key_9,319.55
key_4,320.71
key_14,12.86
key_9,320.67
key_13,26.02
key_0,1568.81
key_13,26.57
key_14,14.57
key_10,660.33
key_11,926.44
key_17,626.19
key_19,312.07
key_17,0.06
key_12,0.05
key_9,615.50
key_16,1226.78
key_10,955.01
key_10,955.10
key_17,1.65
key_10,955.14
key_18,309.86
key_2,305.34
key_4,618.84
key_6,323.63
key_12,2.89
key_4,620.47
key_4,620.47
key_10,958.36
key_5,938.14
key_11,933.40
key_6,327.02
key_2,308.91
key_6,327.12
key_2,309.06
key_6,327.37
key_4,623.89
key_2,310.51
key_19,321.19
key_10,2.93
key_19,321.92
key_15,4.23
key_3,3167.32
key_11,938.15
key_14,318.01
key_14,318.77
key_11,939.87
key_10,6.74
key_11,940.37
key_15,6.99
key_1,651.67
key_17,12.63
key_14,321.45
key_7,1568.33
key_14,321.73
key_7,1568.88
key_0,18.66
key_14,322.79
key_5,947.83
key_13,335.92
key_2,317.94
key_18,4.10
key_11,943.75
key_10,10.52
key_19,329.08
key_16,1242.21
key_8,17.29
key_15,11.49
key_10,11.59
key_17,16.97
key_4,632.54
key_10,12.40
key_18,6.47
key_8,18.52
key_14,325.92
key_7,1573.12
key_13,339.01
key_11,946.67
key_11,946.71
key_9,7.46
key_19,332.17
key_8,19.84
key_15,14.68
key_2,322.34
key_4,635.76
key_14,327.92
key_18,8.98
key_11,948.68
key_9,8.91
key_17,20.51
key_8,21.57
key_6,341.58
key_11,949.47
key_14,329.28
key_18,10.18
key_8,22.25
key_17,21.60
key_8,22.44
key_11,950.36
key_2,324.82
key_10,17.03
key_18,11.05
key_9,11.07
key_10,17.66
key_13,343.63
key_7,1577.80
key_8,23.84
key_17,23.40
key_2,326.08
key_8,24.50
key_1,662.80
key_10,18.96
key_9,12.71
key_18,13.11
key_16,1251.00
key_9,13.30
key_3,3182.48
key_17,25.23
key_17,25.34
key_16,1251.59
key_7,1580.54
key_10,20.62
key_3,3183.80
key_1,665.36
key_9,15.05
key_1,666.00
key_2,614.14
key_5,1245.63
key_4,929.43
key_12,314.40
key_15,310.54
key_4,932.90
key_19,630.90
key_8,319.21
key_1,958.05
key_12,319.05
key_13,640.69
key_11,1248.31
key_13,640.71
key_15,316.09
key_8,321.90
key_5,3.91
key_8,322.53
key_3,3480.14
key_8,323.34
key_1,961.96
key_7,1878.12
key_6,12.90
key_6,13.22
key_17,6.48
key_5,6.16
key_12,324.40
key_13,645.36
key_15,319.66
key_3,3482.61
key_8,326.08
key_17,7.89
key_9,314.10
key_8,326.66
key_1,965.29
key_15,321.75
key_0,331.70
key_3,3486.88
key_11,1257.73
key_4,7.82
key_5,12.24
key_15,325.53
key_15,0.15
key_10,14.45
key_1,970.35
key_12,331.27
key_9,319.84
key_7,1886.72
key_1,970.90
key_18,320.72
key_6,22.11
key_8,2.89
key_1,971.63
key_9,321.59
key_7,1888.01
key_16,1559.35
key_3,3491.30
key_0,337.92
key_8,4.52
key_11,1263.01
key_13,655.91
key_4,15.10
key_13,658.56
key_15,310.59
key_18,630.08
key_4,320.46
key_0,1.17
key_15,313.59
key_14,327.55
key_10,4.58
key_16,1870.61
key_1,1.83
key_15,314.53
key_18,634.03
key_13,966.02
key_12,2.20
key_4,323.15
key_1,2.86
key_16,1872.85
key_10,6.95
key_6,336.26
key_19,959.88
key_15,316.06
key_1,5.52
key_5,11.13
key_16,1874.36
key_0,4.96
key_6,337.69
key_6,338.55
key_0,5.87
key_15,318.60
key_9,637.53
key_6,338.96
key_5,13.08
key_2,13.69
key_11,13.69
key_14,334.13
key_11,15.46
key_3,3809.62
key_5,15.42
key_13,973.39
key_17,16.44
key_6,343.37
key_13,975.00
key_6,646.05
key_4,2.06
key_17,319.90
key_17,319.94
key_1,1.85
key_15,627.28
key_5,3.47
key_8,628.34
key_14,641.22
key_2,322.59
key_11,0.43
key_15,628.34
key_0,4.93
key_0,4.99
key_18,948.41
key_4,5.21
key_8,630.16
key_8,630.19
key_8,630.61
key_15,629.61
key_2,0.47
key_7,2515.26
key_18,949.14
key_0,6.09
key_12,317.63
key_19,1273.94
key_5,6.24
key_15,630.61
key_14,644.57
key_12,318.22
key_12,318.83
key_4,7.58
key_14,645.26
key_1,7.42
key_12,319.44
key_4,8.17
key_14,645.85
key_5,8.05
key_19,1276.14
key_16,2189.28
key_11,4.44
key_2,3.20
key_1,8.81
key_4,9.18
key_8,634.12
key_8,634.29
key_12,321.07
key_0,9.88
key_10,10.33
key_6,6.84
key_9,11.10
key_12,323.00
key_0,11.62
key_11,7.85
key_8,636.90
key_1,12.12
key_6,8.18
key_1,12.64
key_7,2522.22
key_11,8.99
key_5,13.09
key_13,1288.62
key_9,13.16
key_15,637.50
key_18,957.23
key_17,332.15
key_11,3.14
key_12,630.71
key_5,319.31
key_10,319.55
key_11,3.44
key_14,959.38
key_17,2.01
key_2,5.28
key_4,2.31
key_14,959.51
key_17,2.21
key_7,5.59
key_14,960.84
key_13,1598.35
key_0,322.96
key_8,947.92
key_13,1598.45
key_3,323.10
key_19,1590.86
key_1,6.91
key_15,6.91
key_3,324.27
key_4,4.96
key_2,8.11
key_17,4.84
key_9,324.32
key_9,324.34
key_16,8.37
key_0,325.40
key_1,9.22
key_19,1593.64
key_13,1601.35
key_6,321.99
key_9,326.00
key_4,7.05
key_12,637.50
key_14,965.33
key_1,11.24
key_9,327.93
key_12,639.51
key_8,952.99
key_14,966.87
key_1,12.81
key_15,12.84
key_13,1604.74
key_5,329.82
key_7,13.70
key_18,1273.81
key_19,1598.26
key_2,14.76
key_13,1606.81
key_10,331.54
key_16,15.36
key_2,15.77
key_14,970.20
key_13,1607.78
key_19,1600.20
key_1,16.61
key_16,16.72
key_15,16.73
key_17,13.72
key_19,1601.02
key_16,17.55
key_8,958.64
key_17,14.24
key_17,14.91
key_6,330.46
key_5,334.58
key_12,646.68
key_2,19.08
key_0,335.28
key_2,19.71
key_14,973.80
key_15,20.50
key_3,336.77
key_12,649.14
key_19,1605.55
key_16,22.08
key_15,22.54
key_2,23.05
key_15,23.62
key_3,340.35
key_18,1284.19
key_9,341.16
key_1,25.53
key_7,26.09
key_8,967.56
key_19,1610.76
key_19,1912.42
key_6,3.69
key_16,328.56
key_5,4.02
key_5,4.08
key_0,647.40
key_1,331.28
key_0,647.54
key_9,647.56
key_5,6.96
key_3,647.82
key_19,4.19
key_10,4.31
key_18,7.84
key_5,8.30
key_15,332.83
key_16,333.00
key_0,649.04
key_16,333.76
key_13,1925.36
key_9,649.90
key_13,1925.38
key_1,334.23
key_10,5.82
key_15,334.33
key_9,651.07
key_6,10.30
key_9,651.20
key_9,651.31
key_7,4.87
key_10,7.95
key_3,652.98
key_5,12.23
key_17,333.77
key_7,5.97
key_2,337.42
key_6,13.07
key_6,13.72
key_6,14.92
key_13,1931.25
key_17,337.09
key_8,1281.57
key_3,656.77
key_15,340.99
key_6,16.48
key_4,17.03
key_18,17.02
key_1,342.28
key_1,342.60
key_11,18.26
key_9,659.36
key_15,343.54
key_2,343.82
key_0,660.23
key_3,660.63
key_4,20.06
key_9,661.01
key_10,16.83
key_19,16.89
key_6,21.04
key_0,662.09
key_3,662.64
key_6,22.13
key_5,22.86
key_10,19.41
key_19,19.82
key_6,24.09
key_6,24.62
key_1,349.83
key_6,25.62
key_18,25.82
key_16,351.42
key_4,316.62
key_18,316.31
key_19,0.79
key_7,310.82
key_11,1.49
key_8,1.32
key_5,318.17
key_9,959.82
key_5,320.74
key_18,3.29
key_14,4.76
key_1,646.02
key_3,963.22
key_7,315.98
key_19,6.62
key_2,647.31
key_17,644.29
key_8,6.84
key_15,647.67
key_8,6.90
key_4,1.04
key_14,7.49
key_1,648.24
key_12,323.72
key_3,964.90
key_1,648.69
key_17,645.44
key_8,8.39
key_17,645.93
key_1,649.24
key_8,8.96
key_11,9.32
key_15,650.00
key_12,325.45
key_19,9.72
key_0,966.52
key_18,8.53
key_5,1.00
key_7,319.53
key_18,8.79
key_18,9.00
key_8,10.22
key_12,326.54
key_14,10.72
key_8,10.62
key_15,651.44
key_11,11.26
key_14,11.04
key_18,9.79
key_10,323.66
key_1,652.17
key_0,968.85
key_3,972.34
key_6,331.64
key_8,15.85
key_15,656.88
key_12,332.55
key_19,16.83
key_0,973.86
key_12,333.30
key_14,3.70
key_11,323.27
key_11,323.25
key_11,323.60
key_4,4.00
key_9,1280.18
key_12,639.75
key_16,965.51
key_15,965.39
key_12,641.16
key_6,5.88
key_14,5.91
key_9,1282.09
key_13,2557.59
key_13,2557.65
key_11,325.65
key_14,6.90
key_15,966.91
key_12,642.39
key_2,7.06
key_16,967.54
key_2,7.50
key_19,7.60
key_18,326.74
key_7,8.84
key_7,8.82
key_10,640.36
key_19,8.80
key_13,2561.69
key_5,9.85
key_0,1286.30
key_1,6.14
key_6,10.13
key_14,11.05
key_18,329.08
key_3,11.03
key_10,642.70
key_12,646.56
key_17,968.85
key_4,12.10
key_2,12.24
key_3,12.12
key_10,644.53
key_0,1289.24
key_1,9.09
key_5,13.85
key_6,14.14
key_5,13.88
key_16,974.24
key_12,650.26
key_15,974.85
key_14,15.19
key_9,1291.54
key_5,15.62
key_18,334.37
key_12,652.34
key_3,16.87
key_0,1293.69
key_18,335.59
key_10,649.52
key_2,18.06
key_17,975.24
key_13,2570.13
key_17,975.75
key_0,1295.75
key_16,980.13
key_8,339.75
key_1,17.32
key_12,657.82
key_2,22.96
key_14,23.47
key_18,3.19
key_5,319.68
key_18,3.19
key_6,319.94
key_17,1278.03
key_4,321.51
key_18,4.86
key_16,4.96
key_18,4.99
key_9,1598.81
key_8,2.34
key_14,322.77
key_19,322.81
key_12,959.21
key_2,323.88
key_7,7.14
key_14,324.65
key_10,956.24
key_2,324.84
key_13,8.79
key_18,8.79
key_0,2.59
key_6,326.10
key_10,957.65
key_19,326.67
key_1,322.83
key_16,10.62
key_18,10.68
key_19,327.84
key_0,6.68
key_8,10.65
key_6,331.74
key_5,331.98
key_3,12.38
key_7,16.70
key_14,333.88
key_8,13.88
key_5,334.56
key_3,14.77
key_18,18.96
key_17,1292.89
key_16,19.94
key_14,337.14
key_11,20.88
key_10,969.58
key_6,338.57
key_14,338.99
key_15,8.85
key_18,319.24
key_16,2.40
key_5,635.99
key_9,1912.46
key_13,2.90
key_7,320.18
key_4,638.46
key_18,321.90
key_13,4.69
key_12,1274.03
key_0,315.70
key_17,1595.41
key_15,3.24
key_7,322.98
key_7,323.02
key_7,323.06
key_18,323.10
key_14,6.04
key_10,6.03
key_18,323.94
key_6,6.89
key_4,640.69
key_1,636.81
key_0,317.82
key_9,1917.29
key_16,7.56
key_3,321.42
key_19,8.18
key_12,1277.27
key_13,8.63
key_1,638.68
key_13,8.74
key_11,7.34
key_5,642.98
key_0,321.22
key_3,324.49
key_16,11.51
key_19,12.27
key_4,646.01
key_15,10.63
key_7,329.91
key_3,326.45
key_16,13.00
key_7,330.68
key_10,13.90
key_12,1283.11
key_15,12.57
key_2,648.22
key_15,12.82
key_13,2.98
key_17,1605.57
key_14,15.16
key_8,329.03
key_11,14.02
key_1,645.95
key_7,333.48
key_13,4.64
key_13,4.86
key_18,334.23
key_10,17.16
key_18,334.49
key_19,17.91
key_1,647.64
key_18,335.51
key_6,18.40
key_1,648.77
key_16,18.88
key_8,332.77
key_12,1288.65
key_11,18.20
key_5,653.52
key_5,654.15
key_6,20.61
key_6,21.00
key_4,654.82
key_17,1612.07
key_16,21.54
key_13,10.52
key_5,656.11
key_17,1613.60
key_0,333.97
key_11,22.22
key_12,1293.25
key_5,658.45
key_6,24.93
key_7,342.54
key_15,24.38
key_16,26.42
key_16,26.61
key_6,27.09
key_8,340.59
key_12,1296.94
key_8,341.17
key_10,28.77
key_16,29.66
key_18,347.03
key_7,347.78
key_10,30.77
key_13,19.33
key_19,31.39
key_8,346.36
key_11,31.25
key_19,33.65
key_9,1943.53
key_16,33.99
key_13,22.20
key_1,664.35
key_1,664.44
key_8,348.36
key_5,668.60
key_1,665.41
key_4,669.73
key_3,349.72
key_15,35.10
key_1,667.01
key_4,671.35
key_13,26.07
key_8,351.75
key_0,349.62
key_13,27.22
key_13,27.63
key_0,350.72
key_12,1309.40
key_19,40.71
key_3,354.30
key_18,358.41
key_0,352.49
key_2,675.85
key_3,355.75
key_17,1633.25
key_10,43.14
key_7,360.65
key_0,628.15
key_11,3.67
key_6,317.40
key_10,319.25
key_18,636.35
key_0,630.17
key_3,632.72
key_16,5.67
key_1,5.96
key_13,309.18
key_5,954.69
key_11,7.39
key_17,1911.64
key_0,631.93
key_10,322.14
key_0,633.05
key_17,1912.75
key_18,639.39
key_2,8.55
key_8,636.55
key_16,9.61
key_11,9.67
key_3,636.84
key_4,957.87
key_2,10.59
key_18,641.39
key_10,325.25
key_19,325.37
key_16,11.54
key_14,3.13
key_15,324.63
key_13,314.48
key_14,4.19
key_0,637.73
key_3,640.71
key_16,13.64
key_18,644.55
key_16,14.18
key_9,2238.18
key_19,328.39
key_1,15.06
key_10,328.95
key_10,329.12
key_17,1919.68
key_14,7.38
key_17,1920.32
key_4,963.69
key_1,16.44
key_2,16.88
key_9,2240.57
key_13,319.25
key_10,331.23
key_4,965.46
key_17,1922.77
key_12,25.78
key_4,973.80
key_2,26.86
key_17,1931.55
key_0,652.37
key_1,28.34
key_17,1933.06
key_17,1933.58
key_19,343.73
key_16,30.31
key_15,342.88
key_1,31.35
key_5,979.13
key_14,23.80
key_10,346.75
key_13,335.29
key_2,34.12
key_7,665.38
key_4,982.38
key_9,2258.80
key_2,35.45
key_11,10.68
key_18,666.90
key_7,667.19
key_2,36.46
key_5,984.15
key_8,663.98
key_1,37.33
key_4,984.78
key_15,349.83
key_5,985.13
key_18,669.14
key_8,665.39
key_15,350.92
key_11,13.72
key_12,39.28
key_11,14.15
key_15,351.84
key_10,353.95
key_12,40.53
key_10,354.68
key_9,2264.96
key_7,672.53
key_19,356.05
key_11,17.44
key_9,2540.85
key_16,318.07
key_11,293.36
key_8,946.45
key_1,320.21
key_3,947.30
key_15,633.14
key_3,948.20
key_11,296.81
key_8,949.09
key_10,636.47
key_13,0.28
key_7,953.77
key_12,323.43
key_19,637.33
key_15,635.53
key_19,637.56
key_11,298.57
key_0,290.09
key_18,8.97
key_4,0.61
key_18,9.87
key_5,1272.68
key_6,6.11
key_17,2229.72
key_4,2.18
key_5,1273.49
key_9,2549.84
key_10,640.34
key_3,954.01
key_9,2550.57
key_10,641.19
key_4,4.95
key_18,13.88
key_4,5.82
key_0,295.87
key_13,8.17
key_7,961.83
